I
1000 Generated by WorldEditor

1     23 1 0 GCFV Fuerteventura
100 50.31 1 1 0.00 1 2 1 01  28.43289354 -013.86441187  997   65 3 4 0 1 19  28.46358079 -013.86341861  466   56 3 0 0 1
110 1 0.00 210.0000 New Taxiway 2
111  28.43376791 -013.86664383
112  28.43376500 -013.86589449  28.43376895 -013.86590423
112  28.43379097 -013.86595296  28.43380326 -013.86596695
112  28.43386474 -013.86600567  28.43391084 -013.86602315
111  28.43397209 -013.86601522
111  28.45269749 -013.86539859
113  28.45270419 -013.86603322
110 1 0.00 210.0000 Taxi to 19R
111  28.46370332 -013.86361598
111  28.46406607 -013.86384404
111  28.46409522 -013.86500162
112  28.46352425 -013.86558269  28.46300556 -013.86557401
111  28.46352425 -013.86558269
112  28.46352425 -013.86558269  28.46346514 -013.86558703
111  28.45845100 -013.86575800
111  28.45775345 -013.86532172
111  28.46045033 -013.86522550
111  28.46105216 -013.86512686
112  28.46107314 -013.86491846  28.46088626 -013.86478398
111  28.46107314 -013.86491846
112  28.46107314 -013.86491846  28.46027953 -013.86433249
112  28.45851331 -013.86380808  28.45739609 -013.86350852
111  28.45851331 -013.86380808
112  28.45851331 -013.86380808  28.45858031 -013.86379538
111  28.46025331 -013.86374217
112  28.46146695 -013.86452049  28.46151721 -013.86455543
111  28.46146695 -013.86452049
112  28.46146695 -013.86452049  28.46173499 -013.86478091
111  28.46164910 -013.86518018
111  28.46200906 -013.86517065
111  28.46261663 -013.86506087
112  28.46270039 -013.86477711  28.46254404 -013.86450717
111  28.46270039 -013.86477711
112  28.46270039 -013.86477711  28.46268643 -013.86474218
111  28.46190539 -013.86368612
111  28.46248323 -013.86366573
112  28.46322300 -013.86475400  28.46347986 -013.86533836
111  28.46322300 -013.86475400
112  28.46322300 -013.86475400  28.46326488 -013.86408707
112  28.46273071 -013.86365916  28.46225606 -013.86295095
111  28.46273071 -013.86365916
114  28.46273071 -013.86365916  28.46370791 -013.86364011
110 2 0.00 30.0000 New Taxiway 137
111  28.45593135 -013.86636657
111  28.45593135 -013.86618540
111  28.45668738 -013.86616125
113  28.45669375 -013.86634241
110 1 0.00 210.0000 Taxi centro
111  28.45845100 -013.86575800
111  28.45849847 -013.86593755
111  28.45856077 -013.86594805
111  28.45858615 -013.86678901
111  28.45766335 -013.86679517
111  28.45764000 -013.86575600
111  28.45672108 -013.86578548
111  28.45675450 -013.86700414
111  28.45404052 -013.86710311
111  28.45400962 -013.86587640
111  28.45270147 -013.86592183
111  28.45269749 -013.86539859
111  28.45388749 -013.86536257
111  28.45384220 -013.86395703
111  28.45427319 -013.86394020
111  28.45430618 -013.86520654
112  28.45450507 -013.86541933  28.45471175 -013.86542177
111  28.45450507 -013.86541933
112  28.45450507 -013.86541933  28.45455674 -013.86541565
112  28.45618668 -013.86537118  28.45630803 -013.86537118
111  28.45618668 -013.86537118
112  28.45618668 -013.86537118  28.45636524 -013.86536527
111  28.45636050 -013.86514084
111  28.45628906 -013.86387361
111  28.45683460 -013.86385664
111  28.45684006 -013.86513974
112  28.45706814 -013.86533191  28.45730938 -013.86532475
111  28.45706814 -013.86533191
112  28.45706814 -013.86533191  28.45712688 -013.86532952
113  28.45775345 -013.86532172
110 2 0.00 210.0000 Taxi to 01L parche cemento
111  28.44243584 -013.86902659
111  28.44240900 -013.86761600
111  28.44453555 -013.86754617
113  28.44457228 -013.86894900
110 1 0.00 210.0000 Taxi to 01L
111  28.44848278 -013.86775391
111  28.44517400 -013.86786000
111  28.44464042 -013.86794200
111  28.44467502 -013.86902766
111  28.44455952 -013.86903792
111  28.44243424 -013.86910099
111  28.44234080 -013.86910130
111  28.44232199 -013.86795879
111  28.44105800 -013.86800900
112  28.44040680 -013.86745927  28.44028961 -013.86691265
111  28.44040680 -013.86745927
112  28.44040680 -013.86745927  28.44025094 -013.86666894
112  28.44007199 -013.86634964  28.43975061 -013.86626751
111  28.44007199 -013.86634964
112  28.44007199 -013.86634964  28.44008040 -013.86633020
112  28.44114623 -013.86626760  28.44181788 -013.86624707
111  28.44114623 -013.86626760
112  28.44114623 -013.86626760  28.44101985 -013.86633740
112  28.44086144 -013.86726562  28.44099430 -013.86813843
111  28.44086144 -013.86726562
112  28.44086144 -013.86726562  28.44088293 -013.86744486
111  28.44107909 -013.86745612
111  28.44156732 -013.86750821
111  28.44759100 -013.86732700
112  28.44812033 -013.86723782  28.44821108 -013.86722163
111  28.44812033 -013.86723782
112  28.44812033 -013.86723782  28.44829025 -013.86720544
112  28.44829995 -013.86707044  28.44831685 -013.86699152
111  28.44829995 -013.86707044
112  28.44829995 -013.86707044  28.44829995 -013.86705121
112  28.44833540 -013.86655286  28.44833896 -013.86627766
111  28.44833540 -013.86655286
112  28.44833540 -013.86655286  28.44833362 -013.86642841
112  28.44828058 -013.86623728  28.44826101 -013.86617455
111  28.44828058 -013.86623728
112  28.44828058 -013.86623728  28.44825389 -013.86612902
111  28.44812122 -013.86605896
111  28.44830167 -013.86608281
111  28.44841228 -013.86620426
113  28.44844848 -013.86654976
110 1 0.00 210.0000 To 01R-2
111  28.43290629 -013.86613003
111  28.43291978 -013.86659534
112  28.43229895 -013.86616548  28.43220875 -013.86575758
111  28.43229895 -013.86616548
112  28.43229895 -013.86616548  28.43226539 -013.86591979
112  28.43231210 -013.86507033  28.43238489 -013.86485710
111  28.43231210 -013.86507033
112  28.43231210 -013.86507033  28.43246240 -013.86465713
111  28.43282866 -013.86471409
111  28.43457003 -013.86465795
112  28.43377292 -013.86578779  28.43330633 -013.86674404
111  28.43377292 -013.86578779
112  28.43377292 -013.86578779  28.43373216 -013.86595685
113  28.43388925 -013.86609690
110 1 0.00 210.0000 To 01R
111  28.43479314 -013.86607817
112  28.43520132 -013.86520986  28.43563554 -013.86499353
111  28.43520132 -013.86520986
112  28.43520132 -013.86520986  28.43549528 -013.86499643
111  28.43603412 -013.86454150
111  28.43775434 -013.86459705
112  28.43578484 -013.86536567  28.43520360 -013.86580729
111  28.43578484 -013.86536567
112  28.43578484 -013.86536567  28.43575439 -013.86539742
112  28.43533137 -013.86580290  28.43514862 -013.86597609
111  28.43533137 -013.86580290
112  28.43533137 -013.86580290  28.43526284 -013.86592702
113  28.43544847 -013.86597573
110 2 0.00 115.0000 New Taxiway 3
111  28.45800636 -013.87107705
111  28.45798054 -013.87014436
111  28.45869400 -013.87014436
113  28.45871660 -013.87105869
110 2 0.00 210.0000 Terminal Cemento
111  28.45400962 -013.86587640
111  28.45404052 -013.86710311
111  28.45675450 -013.86700414
111  28.45672108 -013.86578548
111  28.45764000 -013.86575600
111  28.45766335 -013.86633019
111  28.45768382 -013.86698123
111  28.45750083 -013.86697813
111  28.45753523 -013.86853097
111  28.45498976 -013.86861590
111  28.45478293 -013.86862024
111  28.45452016 -013.86862455
111  28.45429085 -013.86862945
111  28.45408084 -013.86863259
111  28.45396990 -013.86864818
111  28.44850650 -013.86881958
111  28.44848278 -013.86775391
111  28.44845592 -013.86655053
111  28.44843395 -013.86654174
112  28.44830167 -013.86608281  28.44819107 -013.86596135
111  28.44830167 -013.86608281
114  28.44830167 -013.86608281  28.44833981 -013.86608064
110 1 0.00 210.0000 New Taxiway 3
112  28.43286358 -013.86667481  28.43281633 -013.86667419
112  28.43266107 -013.86663131  28.43254381 -013.86658038
112  28.43239731 -013.86640206  28.43236233 -013.86634902
111  28.43229880 -013.86616561
111  28.43376363 -013.86589694
113  28.43377038 -013.86664410
110 1 0.00 210.0000 New Taxiway 4
111  28.44815580 -013.86414323
112  28.44805083 -013.86434379  28.44801575 -013.86437371
112  28.44794120 -013.86444805  28.44789207 -013.86448671
112  28.44778532 -013.86452393  28.44772487 -013.86453772
111  28.44751655 -013.86453288
112  28.44737813 -013.86450722  28.44734306 -013.86448229
112  28.44729853 -013.86442995  28.44727661 -013.86440476
112  28.44725292 -013.86431494  28.44724415 -013.86428003
113  28.44721242 -013.86417957
110 1 0.00 115.0000 New Taxiway 1
111  28.44634088 -013.86985296
111  28.44595509 -013.86985296
111  28.44592216 -013.86828520
111  28.44826042 -013.86820494
112  28.44826983 -013.86803371  28.44829806 -013.86799626
112  28.44837804 -013.86793740  28.44839686 -013.86793740
111  28.44852389 -013.86793740
111  28.44855682 -013.86878279
111  28.45751936 -013.86849378
111  28.45753523 -013.86853097
111  28.45756105 -013.86906288
111  28.44920607 -013.86937141
111  28.44866032 -013.86970316
113  28.44827453 -013.86984229
110 1 0.00 30.0000 New Taxiway 1
111  28.44179636 -013.86795956
112  28.44176903 -013.86801551  28.44176538 -013.86803624
112  28.44177267 -013.86809012  28.44178178 -013.86813571
112  28.44184513 -013.86823686  28.44184995 -013.86825078
111  28.44184967 -013.86832519
111  28.44204166 -013.86832004
111  28.44204750 -013.86885431
111  28.44177690 -013.86886658
111  28.44177267 -013.86867041
111  28.44143919 -013.86867455
111  28.44142461 -013.86819996
112  28.44148830 -013.86816079  28.44149377 -013.86812763
112  28.44149203 -013.86810255  28.44149101 -013.86809724
113  28.44147017 -013.86796163
110 1 0.00 30.0000 New Taxiway 5
111  28.45830853 -013.86716956
111  28.45829679 -013.86677231
111  28.45847876 -013.86677231
113  28.45849050 -013.86715287
110 1 0.00 30.0000 New Taxiway 4
111  28.45792199 -013.86876871
111  28.45790345 -013.86715559
111  28.45888092 -013.86712087
113  28.45893585 -013.86873914
110 1 0.00 30.0000 New Taxiway 8
111  28.45966114 -013.86735610
111  28.45966228 -013.86700890
111  28.45973708 -013.86700839
111  28.45972411 -013.86705374
111  28.45972386 -013.86707704
112  28.45972423 -013.86728322  28.45972589 -013.86728887
112  28.45972669 -013.86731349  28.45972930 -013.86732793
112  28.45974130 -013.86733370  28.45974627 -013.86733936
112  28.45977067 -013.86734038  28.45977568 -013.86733980
112  28.45981469 -013.86733010  28.45981731 -013.86732850
112  28.45984286 -013.86730858  28.45984899 -013.86729973
112  28.45987259 -013.86726716  28.45987590 -013.86726151
112  28.45988728 -013.86723222  28.45988728 -013.86723034
111  28.45988336 -013.86700645
111  28.45966228 -013.86700890
112  28.45965897 -013.86687134  28.45965897 -013.86686946
112  28.45965556 -013.86681858  28.45965556 -013.86680916
112  28.45963067 -013.86678332  28.45962539 -013.86678010
111  28.45958397 -013.86674722
111  28.45972855 -013.86674345
112  28.45973683 -013.86676959  28.45974180 -013.86678278
112  28.45976041 -013.86678739  28.45977345 -013.86679220
112  28.45981304 -013.86678843  28.45982442 -013.86678679
112  28.45985611 -013.86676959  28.45985777 -013.86676393
111  28.45985633 -013.86673690
111  28.45995220 -013.86673452
111  28.45995717 -013.86704847
112  28.45995882 -013.86711631  28.45995882 -013.86713327
112  28.45997785 -013.86724328  28.45998116 -013.86727154
112  28.46000790 -013.86729064  28.46001949 -013.86730572
113  28.46012780 -013.86733678
110 1 0.00 30.0000 New Taxiway 9
111  28.45967790 -013.86749940
111  28.45895246 -013.86746679
111  28.45891277 -013.86677456
111  28.45916414 -013.86675951
111  28.45917296 -013.86689244
113  28.45965806 -013.86687990
110 1 0.00 30.0000 New Taxiway 7
111  28.45967864 -013.86800052
111  28.45966114 -013.86735610
111  28.46032021 -013.86732073
113  28.46034689 -013.86798535
110 2 0.00 115.0000 New Taxiway 10
111  28.46196267 -013.86782360
111  28.46198204 -013.86609768
111  28.46253731 -013.86609034
111  28.46254377 -013.86599854
111  28.46305062 -013.86602424
113  28.46306354 -013.86781625
110 1 0.00 30.0000 New Taxiway 11
111  28.46131751 -013.86847278
111  28.46130460 -013.86792563
111  28.46124326 -013.86793297
111  28.46124649 -013.86780078
111  28.46193090 -013.86778976
113  28.46194704 -013.86844707
130 GCFV Limites
111  28.45804862 -013.87007115
111  28.44852366 -013.87025880
111  28.44725842 -013.87070133
111  28.43994912 -013.86924845
111  28.43852348 -013.86755672
111  28.43195311 -013.86732168
111  28.43180848 -013.86290479
111  28.45792465 -013.86229327
111  28.46521817 -013.86215203
111  28.46511486 -013.86631151
113  28.46236582 -013.86947968
120 Linear Feature 4
111  28.45440494 -013.86565631 51 101
116  28.45410699 -013.86527936  28.45407933 -013.86495670
120 Linear Feature 2
111  28.45406982 -013.86401701 51 101
112  28.45378032 -013.86374613  28.45351096 -013.86375577 51 101
115  28.45324254 -013.86376648
120 Linear Feature 1
111  28.45410699 -013.86527936 51 101
111  28.45409864 -013.86494344 51 101
111  28.45406982 -013.86401701 51 101
112  28.45430189 -013.86373062  28.45451272 -013.86372200 51 101
115  28.45472508 -013.86371165
120 Linear Feature 3
111  28.45069618 -013.86745858 51 101
116  28.45098770 -013.86706463  28.45098124 -013.86676729
120 Linear Feature 2
111  28.45128704 -013.86743899 51 101
116  28.45098770 -013.86706463  28.45096349 -013.86674160
120 Linear Feature 1
111  28.45139230 -013.86576402 51 101
115  28.45048617 -013.86578714
120 Linear Feature 2
111  28.44110854 -013.86631234 2
115  28.44109616 -013.86586879
120 Linear Feature 1
111  28.44827557 -013.86607980 53 102
111  28.44260182 -013.86627209 53 102
115  28.44090897 -013.86632167
120 Linear Feature 133
111  28.45459345 -013.86659320 51
115  28.45455680 -013.86659546
120 Linear Feature 133
111  28.45500262 -013.86659208 51
115  28.45496596 -013.86659433
120 Linear Feature 133
111  28.45535432 -013.86659997 51
115  28.45531766 -013.86660222
120 Linear Feature 133
111  28.45592893 -013.86659997 51
115  28.45589227 -013.86660222
120 Linear Feature 128
111  28.45588573 -013.86560911 51
115  28.45588839 -013.86573190
120 Linear Feature 128
111  28.45530461 -013.86563302 51
115  28.45530939 -013.86575098
120 Linear Feature 128
111  28.45496316 -013.86564210 51
115  28.45496795 -013.86576006
120 Linear Feature 128
111  28.45454147 -013.86565538 51
115  28.45454626 -013.86577334
120 Linear Feature 127
111  28.45458105 -013.86690060 51
115  28.45455663 -013.86605894
120 Linear Feature 125
111  28.45105934 -013.86692325 2
115  28.45087883 -013.86692325
120 Linear Feature 125
111  28.45105297 -013.86638463 2
115  28.45087246 -013.86638463
120 Linear Feature 122
111  28.45493507 -013.86733000 51
115  28.45493986 -013.86744726
120 Linear Feature 122
111  28.45444556 -013.86734384 51
115  28.45445035 -013.86746110
120 Linear Feature 121
111  28.45543511 -013.86731383 51
115  28.45388451 -013.86735713
120 Linear Feature 120
111  28.45370548 -013.86702199 51
116  28.45400099 -013.86735487  28.45425329 -013.86738144
120 Linear Feature 117
111  28.45379747 -013.86682686 2
115  28.45358527 -013.86683775
120 Linear Feature 117
111  28.45377992 -013.86629513 2
115  28.45356771 -013.86630602
120 Linear Feature 116
111  28.45615662 -013.86619847 2
115  28.45614501 -013.86575632
120 Linear Feature 110
111  28.45273443 -013.86750312 2
115  28.45272844 -013.86728770
120 Linear Feature 126
111  28.45458284 -013.86734015 51
115  28.45458284 -013.86725436
120 Linear Feature 108
111  28.45463000 -013.86744147 2
115  28.45462738 -013.86723946
120 Linear Feature 105
111  28.45638328 -013.86738369 2
115  28.45637691 -013.86716872
120 Linear Feature 104
111  28.45712951 -013.86681286 51
116  28.45678671 -013.86726837  28.45645332 -013.86729123
120 Linear Feature 103
111  28.45731735 -013.86725020 51
112  28.45728172 -013.86716526  28.45723669 -013.86712633 51
112  28.45718805 -013.86705770  28.45716957 -013.86702287 51
112  28.45712951 -013.86681286  28.45712883 -013.86667254 51
115  28.45711694 -013.86631294
120 Linear Feature 92
111  28.45330861 -013.86848766 51
115  28.45328115 -013.86848939
120 Linear Feature 91
111  28.45329793 -013.86860389 51
115  28.45328420 -013.86777122
120 Linear Feature 90
111  28.45333508 -013.86842054 51
115  28.45330739 -013.86841754
120 Linear Feature 89
111  28.45331055 -013.86863096 51
115  28.45335262 -013.86776813
120 Linear Feature 87
111  28.45267930 -013.86779492 51
115  28.45269674 -013.86852498
120 Linear Feature 81
111  28.45126468 -013.86858859 51
115  28.45123316 -013.86858552
120 Linear Feature 80
111  28.45124487 -013.86870127 51
115  28.45127819 -013.86783671
120 Linear Feature 79
111  28.45171435 -013.86825055 51
115  28.45170289 -013.86783243
120 Linear Feature 78
111  28.45177388 -013.86838374 51
115  28.45172920 -013.86838555
120 Linear Feature 77
111  28.45175952 -013.86857610 51
115  28.45173877 -013.86782843
120 Linear Feature 74
111  28.45029181 -013.86601941 51
115  28.45029761 -013.86614644
120 Linear Feature 73
111  28.45303240 -013.86569506 51
115  28.45303486 -013.86583195
120 Linear Feature 72
111  28.45257962 -013.86571275 51
115  28.45258454 -013.86585244
120 Linear Feature 71
111  28.45210477 -013.86572931 51
115  28.45210477 -013.86586789
120 Linear Feature 70
111  28.45162755 -013.86574746 51
115  28.45163336 -013.86588109
120 Linear Feature 69
111  28.44975496 -013.86588769 51
115  28.44975931 -013.86601472
120 Linear Feature 68
111  28.44922265 -013.86582109 51
115  28.44922698 -013.86596193
120 Linear Feature 66
111  28.45213214 -013.86699626 51
115  28.45211284 -013.86619781
120 Linear Feature 66
111  28.45306330 -013.86697107 51
115  28.45304399 -013.86617262
120 Linear Feature 66
111  28.45261095 -013.86696624 51
115  28.45259165 -013.86616779
120 Linear Feature 66
111  28.45165938 -013.86701455 51
115  28.45164007 -013.86621609
120 Linear Feature 66
111  28.45031956 -013.86704795 51
115  28.45030026 -013.86624950
120 Linear Feature 66
111  28.44978448 -013.86707398 51
115  28.44976518 -013.86627553
120 Linear Feature 66
111  28.45213214 -013.86699626 51
115  28.45211284 -013.86619781
120 Linear Feature 66
111  28.45306330 -013.86697107 51
115  28.45304399 -013.86617262
120 Linear Feature 66
111  28.45261095 -013.86696624 51
115  28.45259165 -013.86616779
120 Linear Feature 66
111  28.45165938 -013.86701455 51
115  28.45164007 -013.86621609
120 Linear Feature 66
111  28.45031956 -013.86704795 51
115  28.45030026 -013.86624950
120 Linear Feature 66
111  28.44978448 -013.86707398 51
115  28.44976518 -013.86627553
120 Linear Feature 66
111  28.44925247 -013.86708220 51
115  28.44923317 -013.86628374
120 Linear Feature 61
111  28.44873824 -013.86859946 51
115  28.44868634 -013.86860200
120 Linear Feature 60
111  28.44872144 -013.86881359 51
115  28.44869686 -013.86792531
120 Linear Feature 59
111  28.45674018 -013.86557925 51 101
115  28.45744667 -013.86555676
120 Linear Feature 58
111  28.44907021 -013.86602737 2
115  28.44905792 -013.86562615
120 Linear Feature 57
111  28.44800073 -013.86606823 2
115  28.44798844 -013.86566302
120 Linear Feature 56
111  28.44865614 -013.86690998 2
115  28.44847305 -013.86691617
120 Linear Feature 56
111  28.44864306 -013.86646006 2
115  28.44845998 -013.86646626
120 Linear Feature 55
111  28.44857751 -013.86710450 51
116  28.44896214 -013.86751714  28.44933736 -013.86753895
120 Linear Feature 54
111  28.44823946 -013.86754041 51
112  28.44857751 -013.86710450  28.44857632 -013.86668867 51
115  28.44856964 -013.86667919
120 Linear Feature 52
111  28.44426511 -013.86766995 51
115  28.44426729 -013.86779265
120 Linear Feature 51
111  28.44430701 -013.86868176 51
115  28.44427323 -013.86868300
120 Linear Feature 51
111  28.44430285 -013.86859005 51
115  28.44426907 -013.86859129
120 Linear Feature 51
111  28.44430810 -013.86872514 51
115  28.44427431 -013.86872638
120 Linear Feature 51
111  28.44430810 -013.86876852 51
115  28.44427431 -013.86876976
120 Linear Feature 50
111  28.44426451 -013.86861360 51
115  28.44422201 -013.86861484
120 Linear Feature 50
111  28.44426451 -013.86872762 51
115  28.44422201 -013.86872886
120 Linear Feature 50
111  28.44426995 -013.86879207 51
115  28.44422745 -013.86879331
120 Linear Feature 49
111  28.44429672 -013.86895315 51
115  28.44427634 -013.86815833
120 Linear Feature 46
111  28.44358162 -013.86827614 51
115  28.44353694 -013.86827738
120 Linear Feature 46
111  28.44358906 -013.86855165 51
115  28.44354438 -013.86855289
120 Linear Feature 46
111  28.44359650 -013.86882792 51
115  28.44355182 -013.86882916
120 Linear Feature 45
111  28.44397466 -013.86833712 52
115  28.44354311 -013.86834952
120 Linear Feature 45
111  28.44405748 -013.86873744 52
115  28.44355182 -013.86875356
120 Linear Feature 44
111  28.44371631 -013.86826922 51
115  28.44365174 -013.86826922
120 Linear Feature 44
111  28.44372285 -013.86854684 51
115  28.44365828 -013.86854684
120 Linear Feature 44
111  28.44373047 -013.86882323 51
115  28.44366591 -013.86882323
120 Linear Feature 43
111  28.44371740 -013.86830635 51
115  28.44371470 -013.86822953
120 Linear Feature 43
111  28.44372394 -013.86858398 51
115  28.44372123 -013.86850715
120 Linear Feature 43
111  28.44373156 -013.86886036 51
115  28.44372886 -013.86878354
120 Linear Feature 42
111  28.44332860 -013.86787991 51
116  28.44318232 -013.86770331  28.44305308 -013.86765483
120 Linear Feature 39
111  28.44342947 -013.86813061 52
115  28.44323374 -013.86813379
120 Linear Feature 38
111  28.44344457 -013.86828007 51
115  28.44323151 -013.86828643
120 Linear Feature 37
111  28.44333944 -013.86835576 51
115  28.44344569 -013.86835639
120 Linear Feature 36
111  28.44345184 -013.86855864 51
115  28.44322815 -013.86856246
120 Linear Feature 35
111  28.44334950 -013.86876089 51
115  28.44345520 -013.86875771
120 Linear Feature 34
111  28.44335148 -013.86883424 51
115  28.44324819 -013.86883721
120 Linear Feature 33
111  28.44345719 -013.86883176 51
111  28.44335148 -013.86883424 51
111  28.44332860 -013.86787991 51
116  28.44346264 -013.86769153  28.44360758 -013.86761221
120 Linear Feature 32
111  28.44264182 -013.86815974 52
115  28.44243173 -013.86816411
120 Linear Feature 31
111  28.44273936 -013.86890064 20
115  28.44267170 -013.86890223
120 Linear Feature 31
111  28.44272381 -013.86826000 20
115  28.44265614 -013.86826159
120 Linear Feature 31
111  28.44273527 -013.86868834 20
115  28.44266760 -013.86868992
120 Linear Feature 31
111  28.44272790 -013.86847417 20
115  28.44266024 -013.86847576
120 Linear Feature 30
111  28.44273995 -013.86893363 20
115  28.44273869 -013.86886470
120 Linear Feature 30
111  28.44272439 -013.86829299 20
115  28.44272313 -013.86822406
120 Linear Feature 30
111  28.44273585 -013.86872132 20
115  28.44273459 -013.86865239
120 Linear Feature 30
111  28.44272849 -013.86850715 20
115  28.44272722 -013.86843823
120 Linear Feature 29
111  28.44254905 -013.86869483 51
115  28.44262594 -013.86869133
120 Linear Feature 28
111  28.44254351 -013.86847935 51
115  28.44261856 -013.86848005
120 Linear Feature 27
111  28.44253798 -013.86826388 51
115  28.44261918 -013.86826318
120 Linear Feature 26
111  28.44252716 -013.86782864 51
116  28.44241995 -013.86772846  28.44231033 -013.86770501
120 Linear Feature 25
111  28.44263265 -013.86890088 51
111  28.44255485 -013.86890538 51
111  28.44252716 -013.86782864 51
116  28.44260892 -013.86772219  28.44269463 -013.86767720
120 Linear Feature 24
111  28.44305395 -013.86783371 2
115  28.44304916 -013.86760689
120 Linear Feature 23
111  28.44270781 -013.86784169 2
115  28.44270385 -013.86762425
120 Linear Feature 22
111  28.44387205 -013.86778873 2
115  28.44386442 -013.86757680
120 Linear Feature 21
111  28.44243455 -013.86824234 53
115  28.44245297 -013.86901893
120 Linear Feature 20
111  28.44455222 -013.86809354 53
115  28.44457071 -013.86895012
120 Linear Feature 18
111  28.44455222 -013.86809354 53
115  28.44465019 -013.86809357
120 Linear Feature 17
111  28.44455538 -013.86799318 53
115  28.44463384 -013.86799689
120 Linear Feature 16
111  28.44456628 -013.86791881 53
115  28.44463057 -013.86794980
120 Linear Feature 15
111  28.44464038 -013.86785189 53
115  28.44466218 -013.86794360
120 Linear Feature 14
111  28.44471993 -013.86783701 53
115  28.44473519 -013.86793369
120 Linear Feature 13
111  28.44480276 -013.86782214 53
115  28.44481911 -013.86792005
120 Linear Feature 4
111  28.43531124 -013.86604549 53 102
112  28.43537764 -013.86605633  28.43542143 -013.86605452 53 102
115  28.43557398 -013.86604813
120 Linear Feature 2
111  28.43295603 -013.86613464 53 102
116  28.43298413 -013.86608904  28.43297602 -013.86605217
120 Linear Feature 138
111  28.43443985 -013.86651723 2
115  28.43443284 -013.86610547
120 Linear Feature 136
111  28.45852408 -013.86599701 20
115  28.45834211 -013.86600451
120 Linear Feature 135
111  28.45765581 -013.86602922 20
115  28.45810694 -013.86601091
120 Linear Feature 134
111  28.45850194 -013.86575245 20
115  28.45830232 -013.86575728
120 Yelow Broken
111  28.45012283 -013.86601523 2
115  28.45011002 -013.86555918
120 Yelow Broken
111  28.45149790 -013.86595068 2
115  28.45149058 -013.86551961
120 Yelow Broken
111  28.45314944 -013.86582366 2
115  28.45313846 -013.86555709
120 Yelow Broken
111  28.45468563 -013.86575077 2
115  28.45468197 -013.86553835
120 Yelow Broken
111  28.44073612 -013.86670248 2
115  28.44044133 -013.86671080
120 Yelow Broken
111  28.44198623 -013.86785094 2
115  28.44198340 -013.86763568
120 Yelow Broken
111  28.44805271 -013.86765408 2
115  28.44804539 -013.86737921
120 Yelow Broken
111  28.45608999 -013.86570496 2
115  28.45608267 -013.86548838
120 Yelow Broken
111  28.45720941 -013.86663841 2
115  28.45703547 -013.86664257
120 Yelow Broken
111  28.45719590 -013.86618605 2
115  28.45702196 -013.86619021
120 Yelow Broken
111  28.45764083 -013.86565291 2
115  28.45763534 -013.86544881
120 Yelow Broken
111  28.46200588 -013.86553005 2
115  28.46199856 -013.86529054
120 Runway Hold
111  28.44072500 -013.86686322 4 104
115  28.44045712 -013.86687467
120 Runway Hold
111  28.46048251 -013.86557587 4 104
115  28.46047885 -013.86534677
120 Runway Hold
111  28.43550514 -013.86548114 4 104
115  28.43537514 -013.86525419
120 Runway Hold
111  28.43381744 -013.86548232 4 104
115  28.43361936 -013.86531007
120 Runway Hold
111  28.43316495 -013.86532522 4 104
115  28.43293857 -013.86532900
120 Runway Hold
111  28.43261565 -013.86534225 4 104
115  28.43237263 -013.86535361
120 Runway Hold
111  28.45419258 -013.86493813 4 104
115  28.45400192 -013.86495190
120 Runway Hold
111  28.45671289 -013.86485199 4 104
115  28.45651514 -013.86486032
120 Runway Hold
111  28.46109316 -013.86444800 4 104
115  28.46098057 -013.86469498
120 Runway Hold
111  28.46285516 -013.86434046 4 104
115  28.46267792 -013.86451435
120 Runway Hold
111  28.46398177 -013.86434240 4 104
115  28.46335774 -013.86435537
120 Linear Feature 77
111  28.43529557 -013.86603028 3
115  28.43534218 -013.86596025
120 Linear Feature 76
111  28.43522233 -013.86591292 3
115  28.43529390 -013.86589400
120 Linear Feature 75
111  28.43524064 -013.86577096 3
115  28.43529557 -013.86580882
120 Linear Feature 74
111  28.43531887 -013.86567631 3
115  28.43536714 -013.86574257
120 Linear Feature 73
111  28.44029106 -013.86635931 3
115  28.44026004 -013.86642230
120 Linear Feature 72
111  28.44037747 -013.86646765 3
115  28.44032651 -013.86650292
120 Linear Feature 71
111  28.44041513 -013.86660370 3
115  28.44033980 -013.86661882
120 Linear Feature 5
111  28.44090309 -013.86755108 53
115  28.44093376 -013.86748466
120 Linear Feature 70
111  28.44102660 -013.86758885 3
115  28.44103325 -013.86750318
120 Linear Feature 68
111  28.44080793 -013.86744777 3
115  28.44086553 -013.86740746
120 Linear Feature 67
111  28.44077625 -013.86731674 3
115  28.44084715 -013.86730162
120 Linear Feature 66
111  28.44075021 -013.86659247 3
115  28.44081446 -013.86659499
120 Linear Feature 65
111  28.44077164 -013.86645186 3
115  28.44082481 -013.86648209
120 Linear Feature 64
111  28.44085590 -013.86633510 3
115  28.44089800 -013.86640565
120 Linear Feature 63
111  28.44831334 -013.86610647 20
115  28.44826208 -013.86618352
120 Linear Feature 62
111  28.44837743 -013.86623975 20
115  28.44830602 -013.86625849
120 Linear Feature 61
111  28.44841222 -013.86638968 20
115  28.44833532 -013.86640009
120 Linear Feature 60
112  28.45395276 -013.86539429  28.45395093 -013.86539012 3
115  28.45388867 -013.86531307
120 Linear Feature 59
111  28.45399853 -013.86519644 3
115  28.45388501 -013.86519436
120 Linear Feature 58
111  28.45399487 -013.86506316 3
115  28.45388501 -013.86506316
120 Linear Feature 57
111  28.45420183 -013.86505695 3
115  28.45430614 -013.86505275
120 Linear Feature 56
111  28.45420291 -013.86518646 3
115  28.45430430 -013.86517978
120 Linear Feature 55
111  28.45437112 -013.86551289 3
115  28.45440867 -013.86540678
120 Linear Feature 54
111  28.45455332 -013.86553798 3
115  28.45455515 -013.86541928
120 Linear Feature 53
111  28.45624030 -013.86548278 3
115  28.45623364 -013.86537108
120 Linear Feature 52
111  28.45638844 -013.86542219 3
115  28.45633351 -013.86532942
120 Linear Feature 51
111  28.45648831 -013.86529345 3
115  28.45640342 -013.86524991
120 Linear Feature 50
111  28.45650829 -013.86511738 3
115  28.45639676 -013.86512495
120 Linear Feature 49
111  28.45671850 -013.86510341 3
115  28.45681837 -013.86509963
120 Linear Feature 48
111  28.45674984 -013.86528613 3
115  28.45682973 -013.86523501
120 Linear Feature 45
111  28.45701763 -013.86545627 3
115  28.45701763 -013.86533700
120 Linear Feature 44
111  28.46112186 -013.86522202 3
115  28.46110842 -013.86512679
120 Linear Feature 43
111  28.46120868 -013.86517147 3
115  28.46114976 -013.86509388
120 Linear Feature 42
111  28.46126655 -013.86507271 3
115  28.46117767 -013.86505038
120 Linear Feature 41
111  28.46125208 -013.86496338 3
115  28.46116940 -013.86499395
120 Linear Feature 40
111  28.46119421 -013.86487051 3
115  28.46113736 -013.86495868
120 Linear Feature 39
111  28.46155491 -013.86507272 3
115  28.46164586 -013.86508212
120 Linear Feature 38
111  28.46154147 -013.86516794 3
115  28.46164690 -013.86514443
120 Linear Feature 37
111  28.46155594 -013.86526082 3
115  28.46164690 -013.86518087
120 Linear Feature 36
111  28.46163449 -013.86529726 3
115  28.46167377 -013.86520674
120 Linear Feature 35
111  28.46171821 -013.86530079 3
115  28.46171924 -013.86520086
120 Linear Feature 34
111  28.46268195 -013.86516279 20
115  28.46266572 -013.86508409
120 Linear Feature 33
111  28.46280495 -013.86508992 20
115  28.46274943 -013.86503065
120 Linear Feature 32
111  28.46285961 -013.86493737 20
115  28.46278103 -013.86493349
120 Linear Feature 31
111  28.46282117 -013.86477512 20
115  28.46275882 -013.86482078
120 Linear Feature 30
111  28.46276565 -013.86467407 20
115  28.46270415 -013.86472459
120 Linear Feature 12
111  28.44243173 -013.86816411 53 101
115  28.44233208 -013.86816551
120 Linear Feature 11
111  28.44242866 -013.86806687 53
115  28.44234376 -013.86806757
120 Linear Feature 10
111  28.44242804 -013.86797872 53
115  28.44234130 -013.86798362
120 Linear Feature 9
111  28.44240712 -013.86786259 53
115  28.44233823 -013.86794654
120 Linear Feature 8
111  28.44230193 -013.86785210 53
115  28.44230316 -013.86793115
120 Linear Feature 7
111  28.44222319 -013.86785839 53
115  28.44222750 -013.86793115
120 Linear Feature 29
111  28.44799669 -013.86586763 51 101
115  28.44106762 -013.86610310
120 Linear Feature 28
111  28.44922265 -013.86582109 51 101
115  28.44810578 -013.86586472
120 Linear Feature 27
111  28.43335085 -013.86441466 51 101
112  28.43293212 -013.86462592  28.43273438 -013.86481955
111  28.43293212 -013.86462592
112  28.43293212 -013.86462592  28.43286438 -013.86470087 51 101
112  28.43257827 -013.86503166  28.43252883 -013.86509204
111  28.43257827 -013.86503166
112  28.43257827 -013.86503166  28.43247207 -013.86515451 51 101
111  28.43246621 -013.86536364 51 101
112  28.43249570 -013.86600076  28.43250119 -013.86607571
111  28.43249570 -013.86600076
112  28.43249570 -013.86600076  28.43253232 -013.86632348 51 101
111  28.43289969 -013.86636962 51 101
111  28.43347175 -013.86635620 51 101
111  28.43389638 -013.86633608 51 101
111  28.43536784 -013.86628580 51 101
115  28.43560964 -013.86626904
120 Linear Feature 26
111  28.43456281 -013.86437442 51 101
111  28.43335085 -013.86441466 51 101
112  28.43301885 -013.86482933  28.43298956 -013.86519370
111  28.43301885 -013.86482933
112  28.43301885 -013.86482933  28.43301885 -013.86487097 51 101
112  28.43305017 -013.86595346  28.43305750 -013.86603050
111  28.43305017 -013.86595346
112  28.43305017 -013.86595346  28.43309045 -013.86636156 51 101
115  28.43347175 -013.86635620
120 Linear Feature 25
111  28.43536489 -013.86435428 51 101
111  28.43456281 -013.86437442 51 101
112  28.43421281 -013.86461396  28.43407798 -013.86483732
111  28.43421281 -013.86461396
112  28.43421281 -013.86461396  28.43416953 -013.86467453 51 101
112  28.43355023 -013.86560086  28.43343039 -013.86578636
111  28.43355023 -013.86560086
112  28.43355023 -013.86560086  28.43329614 -013.86610399 51 101
116  28.43389638 -013.86633608  28.43402289 -013.86633608
120 Linear Feature 24
111  28.43536489 -013.86435428 51 101
112  28.43573261 -013.86436333  28.43597913 -013.86435965
111  28.43573261 -013.86436333
112  28.43573261 -013.86436333  28.43623862 -013.86435965 51 101
116  28.43593616 -013.86499852  28.43578695 -013.86508336
120 Linear Feature 23
111  28.43881195 -013.86424135 51 101
112  28.43660578 -013.86464208  28.43608113 -013.86502545
111  28.43660578 -013.86464208
112  28.43660578 -013.86464208  28.43644253 -013.86470000 51 101
111  28.43593616 -013.86499852 51 101
112  28.43515731 -013.86554939  28.43506909 -013.86561942
111  28.43515731 -013.86554939
112  28.43515731 -013.86554939  28.43490596 -013.86575950 51 101
116  28.43536784 -013.86628580  28.43569908 -013.86627823
120 Linear Feature 22
111  28.44058241 -013.86657161 51 101
112  28.44016861 -013.86613225  28.43978976 -013.86614989
111  28.44016861 -013.86613225
112  28.44016861 -013.86613225  28.44012209 -013.86613477 51 101
115  28.43560964 -013.86626904
120 Linear Feature 6
111  28.44003470 -013.86635292 2
115  28.44002053 -013.86590304
120 Linear Feature 21
111  28.44106762 -013.86610310 51 101
112  28.44093579 -013.86610935  28.44084052 -013.86611187
111  28.44093579 -013.86610935
112  28.44093579 -013.86610935  28.44059461 -013.86611691 51 101
111  28.44058241 -013.86657161 51 101
112  28.44060072 -013.86732748  28.44060515 -013.86740810
111  28.44060072 -013.86732748
112  28.44060072 -013.86732748  28.44064060 -013.86777847 51 101
111  28.44099804 -013.86777517 51 101
115  28.44823714 -013.86753807
120 Linear Feature 20
111  28.44855743 -013.86626564 51 101
112  28.44810578 -013.86586472  28.44768262 -013.86588236
111  28.44810578 -013.86586472
112  28.44810578 -013.86586472  28.44803488 -013.86586976 51 101
115  28.44799669 -013.86586763
120 Linear Feature 19
111  28.45096709 -013.86615470 51 101
112  28.45048617 -013.86578714  28.45003044 -013.86580238
111  28.45048617 -013.86578714
112  28.45048617 -013.86578714  28.45033337 -013.86578104 51 101
111  28.44975069 -013.86580293 51 101
111  28.44922265 -013.86582109 51 101
112  28.44897554 -013.86584460  28.44879830 -013.86586476
111  28.44897554 -013.86584460
112  28.44897554 -013.86584460  28.44852137 -013.86589500 51 101
111  28.44855743 -013.86626564 51 101
115  28.44856964 -013.86667919
120 Linear Feature 18
112  28.45369231 -013.86610653  28.45368316 -013.86568378 51 101
115  28.45326571 -013.86568702
120 Linear Feature 17
111  28.45415453 -013.86566374 51 101
111  28.45373671 -013.86568049 51 101
111  28.45326571 -013.86568702 51 101
111  28.45273905 -013.86570691 51 101
111  28.45258009 -013.86571339 51 101
111  28.45210351 -013.86572615 51 101
111  28.45162637 -013.86574643 51 101
112  28.45139230 -013.86576402  28.45138625 -013.86576402 51 101
112  28.45096709 -013.86615470  28.45093195 -013.86654967
111  28.45096709 -013.86615470
112  28.45096709 -013.86615470  28.45096812 -013.86618526 51 101
115  28.45098770 -013.86706463
120 Linear Feature 16
112  28.45410699 -013.86527936  28.45412487 -013.86565331 51 101
115  28.45393661 -013.86570150
120 Linear Feature 15
112  28.45410699 -013.86527936  28.45410836 -013.86564862 51 101
115  28.45373671 -013.86568049
120 Linear Feature 12
111  28.45693195 -013.86564340 51 101
112  28.45674018 -013.86557925  28.45661975 -013.86558216
111  28.45674018 -013.86557925
112  28.45674018 -013.86557925  28.45671200 -013.86558022 51 101
111  28.45657043 -013.86558417 51 101
111  28.45652079 -013.86558662 51 101
115  28.45630053 -013.86559177
120 Linear Feature 11
111  28.45661693 -013.86521625 51 101
112  28.45630053 -013.86559177  28.45604387 -013.86560131
111  28.45630053 -013.86559177
112  28.45630053 -013.86559177  28.45627573 -013.86559294 51 101
111  28.45614233 -013.86560115 51 101
111  28.45612170 -013.86560272 51 101
111  28.45602127 -013.86560741 51 101
111  28.45574477 -013.86561680 51 101
111  28.45550679 -013.86562462 51 101
111  28.45528256 -013.86563088 51 101
111  28.45512305 -013.86563598 51 101
111  28.45496263 -013.86564007 51 101
111  28.45480246 -013.86564496 51 101
111  28.45464151 -013.86564966 51 101
111  28.45448109 -013.86565567 51 101
111  28.45440494 -013.86565631 51 101
111  28.45431823 -013.86565904 51 101
112  28.45415453 -013.86566374  28.45403711 -013.86566878
111  28.45415453 -013.86566374
112  28.45415453 -013.86566374  28.45397127 -013.86567993 51 101
111  28.45393661 -013.86570150 51 101
112  28.45369231 -013.86610653  28.45369044 -013.86643141
111  28.45369231 -013.86610653
112  28.45369231 -013.86610653  28.45369325 -013.86615569 51 101
116  28.45370147 -013.86652928  28.45370241 -013.86656882
120 Linear Feature 10
112  28.45579017 -013.86367504  28.45579842 -013.86367191 51 101
112  28.45630603 -013.86366096  28.45636794 -013.86366252
111  28.45630603 -013.86366096
112  28.45630603 -013.86366096  28.45658680 -013.86366183 51 101
115  28.45658434 -013.86397291
120 Linear Feature 9
111  28.45722611 -013.86362710 51 101
112  28.45684267 -013.86364306  28.45680553 -013.86364775
111  28.45684267 -013.86364306
112  28.45684267 -013.86364306  28.45658680 -013.86366183 51 101
111  28.45658434 -013.86397291 51 101
111  28.45661693 -013.86521625 51 101
112  28.45673386 -013.86547598  28.45680931 -013.86553006
111  28.45673386 -013.86547598
112  28.45673386 -013.86547598  28.45679484 -013.86552888 51 101
112  28.45693195 -013.86564340  28.45697536 -013.86568337
111  28.45693195 -013.86564340
112  28.45693195 -013.86564340  28.45710558 -013.86576919 51 101
115  28.45710622 -013.86597754
120 Linear Feature 8
111  28.45807274 -013.86359364 51 101
112  28.45869715 -013.86361799  28.45884216 -013.86362257
111  28.45869715 -013.86361799
112  28.45869715 -013.86361799  28.45902746 -013.86362715 51 101
112  28.46017789 -013.86402382  28.46065030 -013.86423283
111  28.46017789 -013.86402382
112  28.46017789 -013.86402382  28.46029921 -013.86408876 51 101
112  28.46130897 -013.86470158  28.46143742 -013.86479087
111  28.46130897 -013.86470158
112  28.46130897 -013.86470158  28.46169747 -013.86517013 51 101
116  28.46111124 -013.86543786  28.46098279 -013.86545409
120 Linear Feature 7
111  28.46134998 -013.86349046 51 101
112  28.46187657 -013.86347841  28.46187203 -013.86347497 51 101
112  28.46225639 -013.86370389  28.46243836 -013.86395146
111  28.46225639 -013.86370389
112  28.46225639 -013.86370389  28.46239197 -013.86387841 51 101
112  28.46296294 -013.86466968  28.46299421 -013.86471094
111  28.46296294 -013.86466968
112  28.46296294 -013.86466968  28.46324619 -013.86512519 51 101
116  28.46265957 -013.86538193  28.46256203 -013.86537197
120 Linear Feature 6
111  28.46337646 -013.86365709 51 101
111  28.46377589 -013.86408704 51 101
112  28.46387507 -013.86435538  28.46388758 -013.86452750
111  28.46387507 -013.86435538
112  28.46387507 -013.86435538  28.46387883 -013.86439378 51 101
112  28.46389384 -013.86497438  28.46389605 -013.86517599
111  28.46389384 -013.86497438
112  28.46389384 -013.86497438  28.46387276 -013.86534910 51 101
111  28.46355339 -013.86535859 51 101
111  28.46310838 -013.86537383 51 101
111  28.46265957 -013.86538193 51 101
111  28.46111124 -013.86543786 51 101
112  28.45744667 -013.86555676  28.45740378 -013.86555981
111  28.45744667 -013.86555676
112  28.45744667 -013.86555676  28.45711158 -013.86557201 51 101
111  28.45710622 -013.86597754 51 101
115  28.45711694 -013.86631294
120 Linear Feature 5
111  28.46250580 -013.86344160 51 101
112  28.46301188 -013.86343450  28.46305735 -013.86343579
111  28.46301188 -013.86343450
112  28.46301188 -013.86343450  28.46326540 -013.86345389 51 101
111  28.46337646 -013.86365709 51 101
112  28.46345152 -013.86391323  28.46345607 -013.86403609
111  28.46345152 -013.86391323
112  28.46345152 -013.86391323  28.46345265 -013.86394815 51 101
112  28.46347028 -013.86488290  28.46347028 -013.86497438
111  28.46347028 -013.86488290
112  28.46347028 -013.86488290  28.46345688 -013.86534029 51 101
115  28.46310838 -013.86537383
120 Linear Feature 19
111  28.44463471 -013.86804682 53
115  28.44455105 -013.86804612
120 Linear Feature 18
111  28.44848789 -013.86803308 3 102
111  28.44847985 -013.86764282 3 102
111  28.44517450 -013.86775867 3 102
112  28.44464640 -013.86785013  28.44460082 -013.86786233
111  28.44464640 -013.86785013
112  28.44464640 -013.86785013  28.44455257 -013.86786842 3 102
111  28.44455138 -013.86793669 3 102
115  28.44455222 -013.86809354
120 Linear Feature 53
111  28.44823946 -013.86754041 51
111  28.44995946 -013.86748416 51
111  28.45111144 -013.86744423 51
111  28.45213578 -013.86741157 51
111  28.45308673 -013.86737891 51
111  28.45388451 -013.86735713 51
115  28.45388291 -013.86747327
120 Linear Feature 17
111  28.44453862 -013.86754364 3 102
111  28.44761113 -013.86744722 3 102
111  28.44823155 -013.86735179 3 102
112  28.44840900 -013.86711710  28.44840900 -013.86692807
111  28.44840900 -013.86711710
112  28.44840900 -013.86711710  28.44842240 -013.86703478 3 102
111  28.44844615 -013.86656951 3 102
112  28.44839250 -013.86628163  28.44837642 -013.86622980
111  28.44839250 -013.86628163
112  28.44839250 -013.86628163  28.44835497 -013.86610784 3 102
115  28.44827557 -013.86607980
120 Linear Feature 16
111  28.44243455 -013.86824234 3 102
112  28.44242724 -013.86793470  28.44242522 -013.86787973
111  28.44242724 -013.86793470
112  28.44242724 -013.86793470  28.44242522 -013.86784308 3 102
111  28.44237363 -013.86784324 3 102
111  28.44222253 -013.86785987 3 102
111  28.44098939 -013.86789311 3 102
112  28.44049605 -013.86725567  28.44050411 -013.86664869
111  28.44049605 -013.86725567
112  28.44049605 -013.86725567  28.44049001 -013.86719612 3 102
112  28.44041478 -013.86660485  28.44040068 -013.86652239
111  28.44041478 -013.86660485
112  28.44041478 -013.86660485  28.44039051 -013.86630009 3 102
115  28.44022173 -013.86634107
120 Linear Feature 15
112  28.44091141 -013.86632167  28.44090897 -013.86632167 3 102
112  28.44074813 -013.86659605  28.44073307 -013.86689147
111  28.44074813 -013.86659605
112  28.44074813 -013.86659605  28.44073838 -013.86667920 3 102
112  28.44071888 -013.86694803  28.44071888 -013.86696189 3 102
112  28.44077250 -013.86732772  28.44078956 -013.86744690
111  28.44077250 -013.86732772
112  28.44077250 -013.86732772  28.44078376 -013.86758299 3 102
111  28.44102107 -013.86758547 3 102
111  28.44155966 -013.86764091 3 102
115  28.44453862 -013.86754364
120 Linear Feature 14
111  28.43772363 -013.86449372 3 102
112  28.43700839 -013.86465782  28.43682392 -013.86471138 3 102
112  28.43649706 -013.86485046  28.43619731 -013.86498654 3 102
112  28.43575673 -013.86525357  28.43555656 -013.86540979 3 102
112  28.43531127 -013.86567809  28.43518960 -013.86580752
111  28.43531127 -013.86567809
112  28.43531127 -013.86567809  28.43508363 -013.86590571 3 102
115  28.43531124 -013.86604549
120 Linear Feature 1
111  28.43381364 -013.86610773 53 102
111  28.43485234 -013.86607157 53 102
112  28.43491895 -013.86607041  28.43495456 -013.86606566 53 102
115  28.43493982 -013.86602541
120 Linear Feature 13
111  28.43493982 -013.86602541 3 102
112  28.43514187 -013.86541767  28.43545051 -013.86517719
111  28.43514187 -013.86541767
112  28.43514187 -013.86541767  28.43534596 -013.86527484 3 102
112  28.43580247 -013.86494529  28.43584731 -013.86490945
111  28.43580247 -013.86494529
112  28.43580247 -013.86494529  28.43581640 -013.86493065 3 102
112  28.43587593 -013.86486830  28.43591143 -013.86481647
111  28.43587593 -013.86486830
112  28.43587593 -013.86486830  28.43605286 -013.86461832 3 102
115  28.43580064 -013.86455794
120 Linear Feature 12
111  28.43441722 -013.86460075 3 102
112  28.43403451 -013.86506806  28.43395680 -013.86519080 3 102
112  28.43369258 -013.86572801  28.43361486 -013.86586548
111  28.43369258 -013.86572801
112  28.43369258 -013.86572801  28.43355442 -013.86603240 3 102
115  28.43381364 -013.86610773
120 Linear Feature 11
111  28.43341286 -013.86608504 1 102
112  28.43347299 -013.86551754  28.43365001 -013.86518370
111  28.43347299 -013.86551754
112  28.43347299 -013.86551754  28.43361115 -013.86531135 1 102
115  28.43408470 -013.86461145
120 Linear Feature 10
111  28.43331614 -013.86463999 3 102
112  28.43319379 -013.86483976  28.43318161 -013.86498109
111  28.43319379 -013.86483976
112  28.43319379 -013.86483976  28.43318161 -013.86502266 3 102
111  28.43315615 -013.86537128 3 102
112  28.43323771 -013.86597414  28.43326452 -013.86606837
111  28.43323771 -013.86597414
112  28.43323771 -013.86597414  28.43326452 -013.86612102 3 102
115  28.43341286 -013.86608504
120 Linear Feature 9
111  28.43298413 -013.86608904 3 102
111  28.43294911 -013.86596344 3 102
112  28.43292715 -013.86493607  28.43292227 -013.86483076 3 102
111  28.43286127 -013.86490397 3 102
112  28.43264482 -013.86520718  28.43262045 -013.86525984 3 102
112  28.43260404 -013.86552467  28.43260404 -013.86556391 3 102
112  28.43265179 -013.86596303  28.43265667 -013.86603785
111  28.43265179 -013.86596303
112  28.43265179 -013.86596303  28.43269566 -013.86614316 3 102
111  28.43282990 -013.86613824 3 102
115  28.43295603 -013.86613464
120 Linear Feature 8
111  28.44022173 -013.86634107 3 102
111  28.43282676 -013.86658770 3 102
112  28.43240327 -013.86612039  28.43233281 -013.86568870
111  28.43240327 -013.86612039
112  28.43240327 -013.86612039  28.43238865 -013.86598182 3 102
112  28.43236702 -013.86530305  28.43236702 -013.86524762
111  28.43236702 -013.86530305
112  28.43236702 -013.86530305  28.43236214 -013.86512014 3 102
111  28.43248797 -013.86497888 3 102
115  28.43284872 -013.86455081
120 Linear Feature 7
111  28.43557398 -013.86604813 3 102
111  28.45385385 -013.86544022 3 102
112  28.45400223 -013.86522043  28.45399491 -013.86499868
111  28.45400223 -013.86522043
112  28.45400223 -013.86522043  28.45399979 -013.86508461 3 102
112  28.45397463 -013.86421962  28.45396245 -013.86413093
111  28.45397463 -013.86421962
112  28.45397463 -013.86421962  28.45395231 -013.86401662 3 102
115  28.45372745 -013.86395866
120 Linear Feature 6
111  28.45438526 -013.86394096 3 102
112  28.45417822 -013.86417252  28.45417540 -013.86429847
111  28.45417822 -013.86417252
112  28.45417822 -013.86417252  28.45418066 -013.86435269 3 102
111  28.45420238 -013.86516549 3 102
112  28.45454400 -013.86553834  28.45490469 -013.86550231
111  28.45454400 -013.86553834
112  28.45454400 -013.86553834  28.45469510 -013.86553834 3 102
111  28.45623484 -013.86548341 3 102
112  28.45651435 -013.86512232  28.45648511 -013.86479524
111  28.45651435 -013.86512232
112  28.45651435 -013.86512232  28.45651435 -013.86491720 3 102
112  28.45648674 -013.86412541  28.45647455 -013.86400067
111  28.45648674 -013.86412541
112  28.45648674 -013.86412541  28.45647699 -013.86394801 3 102
115  28.45629695 -013.86386637
120 Linear Feature 5
111  28.45690428 -013.86385459 3 102
112  28.45669378 -013.86409008  28.45669021 -013.86430111 3 102
111  28.45672139 -013.86510270 3 102
112  28.45701470 -013.86545986  28.45733846 -013.86547036
111  28.45701470 -013.86545986
112  28.45701470 -013.86545986  28.45725019 -013.86545986 3 102
111  28.46049315 -013.86534367 3 102
111  28.46112114 -013.86522357 3 102
112  28.46119894 -013.86487591  28.46099913 -013.86462834
111  28.46119894 -013.86487591
112  28.46119894 -013.86487591  28.46110617 -013.86480286 3 102
112  28.46067099 -013.86443343  28.46056395 -013.86433602
111  28.46067099 -013.86443343
112  28.46067099 -013.86443343  28.46029634 -013.86420615 3 102
112  28.45940946 -013.86392142  28.45917040 -013.86388083
111  28.45940946 -013.86392142
112  28.45940946 -013.86392142  28.45920965 -013.86385648 3 102
115  28.45841578 -013.86380957
120 Linear Feature 4
111  28.46352857 -013.86363685 3 102
111  28.46397729 -013.86393485 3 102
112  28.46399191 -013.86502245  28.46398356 -013.86530741
111  28.46399191 -013.86502245
112  28.46399191 -013.86502245  28.46396979 -013.86540719 3 102
111  28.46357228 -013.86547838 3 102
112  28.45789380 -013.86565404  28.45763910 -013.86565879 3 102
115  28.45765581 -013.86602922
120 Linear Feature 3
111  28.46242426 -013.86367327 3 102
112  28.46245270 -013.86378764  28.46254123 -013.86388432
111  28.46245270 -013.86378764
112  28.46245270 -013.86378764  28.46249874 -013.86385008 3 102
112  28.46308324 -013.86465116  28.46311865 -013.86472770 3 102
112  28.46314284 -013.86494732  28.46314106 -013.86511047
111  28.46314284 -013.86494732
112  28.46314284 -013.86494732  28.46314815 -013.86498760 3 102
112  28.46313343 -013.86507578  28.46312634 -013.86510600 3 102
112  28.46315853 -013.86513753  28.46321165 -013.86513954 3 102
112  28.46326832 -013.86507330  28.46329488 -013.86504913 3 102
112  28.46332479 -013.86494018  28.46333187 -013.86490996 3 102
112  28.46335930 -013.86441208  28.46335399 -013.86435971 3 102
112  28.46329656 -013.86421226  28.46323990 -013.86413370
111  28.46329656 -013.86421226
112  28.46329656 -013.86421226  28.46325938 -013.86416190 3 102
112  28.46292204 -013.86377584  28.46286006 -013.86370534
111  28.46292204 -013.86377584
112  28.46292204 -013.86377584  28.46283704 -013.86366909 3 102
115  28.46275737 -013.86366294
120 Linear Feature 2
111  28.45980657 -013.86377314 3 102
112  28.46011713 -013.86387519  28.46020009 -013.86392827
111  28.46011713 -013.86387519
112  28.46011713 -013.86387519  28.46018453 -013.86390468 3 102
111  28.46135249 -013.86459346 3 102
112  28.46155263 -013.86507231  28.46153967 -013.86543208
111  28.46155263 -013.86507231
112  28.46155263 -013.86507231  28.46154485 -013.86513424 3 102
111  28.46153882 -013.86516259 3 102
112  28.46168030 -013.86530389  28.46186955 -013.86530094
111  28.46168030 -013.86530389
112  28.46168030 -013.86530389  28.46179178 -013.86530094 3 102
111  28.46200467 -013.86528819 3 102
111  28.46267411 -013.86516651 3 102
112  28.46281903 -013.86477008  28.46267384 -013.86444569
111  28.46281903 -013.86477008
112  28.46281903 -013.86477008  28.46274384 -013.86463442 3 102
112  28.46247397 -013.86416563  28.46230287 -013.86388253
111  28.46247397 -013.86416563
112  28.46247397 -013.86416563  28.46239360 -013.86406832 3 102
112  28.46211854 -013.86376527  28.46197335 -013.86360602
111  28.46211854 -013.86376527
112  28.46211854 -013.86376527  28.46206167 -013.86370741 3 102
115  28.46202537 -013.86368677
120 Linear Feature 102
111  28.45543511 -013.86731383 51
115  28.45543915 -013.86743685
120 Linear Feature 102
111  28.45603374 -013.86729320 51
115  28.45603672 -013.86742273
120 Linear Feature 102
111  28.45650639 -013.86727880 51
115  28.45650937 -013.86740834
120 Linear Feature 102
111  28.45691652 -013.86726526 51
115  28.45691950 -013.86739479
120 Linear Feature 101
111  28.45543511 -013.86731383 51
111  28.45731735 -013.86725020 51
115  28.45732062 -013.86737406
120 Linear Feature 96
111  28.45385904 -013.86838792 51
115  28.45383997 -013.86838652
120 Linear Feature 95
111  28.45384145 -013.86862187 51
115  28.45387256 -013.86775021
120 Linear Feature 118
111  28.45370147 -013.86652928 51
111  28.45370548 -013.86702199 51
116  28.45340937 -013.86737074  28.45312975 -013.86743804
120 Linear Feature 97
111  28.44993451 -013.86748348 51
115  28.44993811 -013.86761543
120 Linear Feature 97
111  28.45047068 -013.86746489 51
115  28.45047428 -013.86759684
120 Linear Feature 97
111  28.45086028 -013.86745399 51
115  28.45086388 -013.86758593
120 Linear Feature 97
111  28.45119474 -013.86744035 51
115  28.45119833 -013.86757230
120 Linear Feature 97
111  28.45128704 -013.86743899 51
115  28.45129064 -013.86757094
120 Linear Feature 97
111  28.45169222 -013.86742535 51
115  28.45169582 -013.86755730
120 Linear Feature 97
111  28.45172579 -013.86742535 51
115  28.45172938 -013.86755730
120 Linear Feature 97
111  28.45200510 -013.86741581 51
115  28.45200869 -013.86754776
120 Linear Feature 97
111  28.45220289 -013.86741036 51
115  28.45220649 -013.86754230
120 Linear Feature 97
111  28.45230710 -013.86740497 51
115  28.45231070 -013.86752768
120 Linear Feature 97
111  28.45266912 -013.86739252 51
115  28.45267272 -013.86751523
120 Linear Feature 97
111  28.45327570 -013.86737480 51
115  28.45327570 -013.86749751
120 Linear Feature 97
111  28.45335601 -013.86737071 51
115  28.45335601 -013.86749342
120 Linear Feature 97
111  28.45380315 -013.86735980 51
115  28.45380675 -013.86748387
120 Linear Feature 94
111  28.45384375 -013.86836086 51
115  28.45381346 -013.86836086
120 Linear Feature 93
111  28.45383656 -013.86858583 51
115  28.45381498 -013.86775140
120 Linear Feature 88
111  28.45270979 -013.86842451 51
115  28.45267611 -013.86842677
120 Linear Feature 85
111  28.45233474 -013.86825550 51
115  28.45232123 -013.86779658
120 Linear Feature 86
111  28.45234555 -013.86818994 51
115  28.45231763 -013.86819199
120 Linear Feature 84
111  28.45203264 -013.86821927 51
115  28.45200316 -013.86822008
120 Linear Feature 83
111  28.45201903 -013.86827777 51
115  28.45201033 -013.86779935
120 Linear Feature 82
111  28.45172309 -013.86818214 51
115  28.45170026 -013.86818214
120 Linear Feature 76
111  28.45090725 -013.86835211 51
115  28.45085591 -013.86835108
120 Linear Feature 75
111  28.45088786 -013.86847968 51
115  28.45087191 -013.86784998
120 Linear Feature 65
111  28.44928272 -013.86750779 51
115  28.44928611 -013.86763401
120 Linear Feature 64
111  28.45221734 -013.86850660 51
115  28.45215932 -013.86850960
120 Linear Feature 64
111  28.45124122 -013.86854955 51
115  28.45121202 -013.86855152
120 Linear Feature 64
111  28.45052542 -013.86857447 51
115  28.45046740 -013.86857747
120 Linear Feature 64
111  28.44999187 -013.86859044 51
115  28.44993385 -013.86859344
120 Linear Feature 64
111  28.44934248 -013.86861240 51
115  28.44928446 -013.86861540
120 Linear Feature 63
111  28.45219624 -013.86868957 51
115  28.45217119 -013.86779873
120 Linear Feature 63
111  28.45123093 -013.86873149 51
115  28.45120588 -013.86784065
120 Linear Feature 63
111  28.45050432 -013.86875744 51
115  28.45047927 -013.86786660
120 Linear Feature 63
111  28.44997077 -013.86877341 51
115  28.44994571 -013.86788257
120 Linear Feature 63
111  28.44932138 -013.86879537 51
115  28.44929633 -013.86790453
120 Linear Feature 62
111  28.44868844 -013.86752660 51
115  28.44869371 -013.86765407
120 Linear Feature 115
111  28.45603735 -013.86621733 51
115  28.45602459 -013.86577996
120 Linear Feature 115
111  28.45631150 -013.86620578 51
115  28.45629873 -013.86576841
120 Linear Feature 115
111  28.45658709 -013.86619753 51
115  28.45657432 -013.86576016
120 Linear Feature 100
111  28.45736128 -013.86835678 51
115  28.45731182 -013.86836041
120 Linear Feature 100
111  28.45696399 -013.86836767 51
115  28.45691453 -013.86837130
120 Linear Feature 100
111  28.45655394 -013.86837493 51
115  28.45650447 -013.86837856
120 Linear Feature 100
111  28.45606889 -013.86839489 51
115  28.45601943 -013.86839852
120 Linear Feature 100
111  28.45448782 -013.86843441 51
115  28.45443836 -013.86843804
120 Linear Feature 100
111  28.45497721 -013.86843817 51
115  28.45492775 -013.86844180
120 Linear Feature 100
111  28.45548332 -013.86841485 51
115  28.45543386 -013.86841848
120 Linear Feature 99
111  28.45734526 -013.86853948 51
115  28.45732657 -013.86763875
120 Linear Feature 99
111  28.45694797 -013.86855037 51
115  28.45692928 -013.86764964
120 Linear Feature 99
111  28.45653791 -013.86855763 51
115  28.45651922 -013.86765690
120 Linear Feature 99
111  28.45605287 -013.86857759 51
115  28.45603418 -013.86767686
120 Linear Feature 99
111  28.45447180 -013.86861710 51
115  28.45445311 -013.86771637
120 Linear Feature 99
111  28.45496119 -013.86862087 51
115  28.45494250 -013.86772014
120 Linear Feature 99
111  28.45546730 -013.86859755 51
115  28.45544861 -013.86769682
120 Linear Feature 67
111  28.45214998 -013.86675901 51
115  28.45210044 -013.86676126
120 Linear Feature 67
111  28.45308113 -013.86673382 51
115  28.45303159 -013.86673607
120 Linear Feature 67
111  28.45262879 -013.86672899 51
115  28.45257925 -013.86673124
120 Linear Feature 67
111  28.45167721 -013.86677729 51
115  28.45162768 -013.86677955
120 Linear Feature 67
111  28.45033740 -013.86681070 51
115  28.45028786 -013.86681295
120 Linear Feature 67
111  28.44980231 -013.86683673 51
115  28.44975278 -013.86683898
120 Linear Feature 67
111  28.45214998 -013.86675901 51
115  28.45210044 -013.86676126
120 Linear Feature 67
111  28.45308113 -013.86673382 51
115  28.45303159 -013.86673607
120 Linear Feature 67
111  28.45262879 -013.86672899 51
115  28.45257925 -013.86673124
120 Linear Feature 67
111  28.45167721 -013.86677729 51
115  28.45162768 -013.86677955
120 Linear Feature 67
111  28.45033740 -013.86681070 51
115  28.45028786 -013.86681295
120 Linear Feature 67
111  28.44980231 -013.86683673 51
115  28.44975278 -013.86683898
120 Linear Feature 67
111  28.44927031 -013.86684494 51
115  28.44922077 -013.86684720
120 Linear Feature 48
111  28.44386044 -013.86835631 51
115  28.44386044 -013.86832245
120 Linear Feature 48
111  28.44391106 -013.86835716 51
115  28.44391106 -013.86832330
120 Linear Feature 48
111  28.44386800 -013.86876010 51
115  28.44386800 -013.86872624
120 Linear Feature 48
111  28.44391627 -013.86876010 51
115  28.44391627 -013.86872624
120 Linear Feature 48
111  28.44397879 -013.86875587 51
115  28.44397879 -013.86872201
120 Linear Feature 47
111  28.44387703 -013.86836071 51
115  28.44387802 -013.86841141
120 Linear Feature 47
111  28.44392062 -013.86835620 51
115  28.44392161 -013.86840690
120 Linear Feature 47
111  28.44389784 -013.86876520 51
115  28.44389883 -013.86881590
120 Linear Feature 47
111  28.44399790 -013.86876295 51
115  28.44399889 -013.86881365
120 Linear Feature 41
111  28.44304861 -013.86829586 20
115  28.44297076 -013.86829850
120 Linear Feature 41
111  28.44305364 -013.86856743 20
115  28.44297579 -013.86857007
120 Linear Feature 41
111  28.44306091 -013.86884282 20
115  28.44298307 -013.86884546
120 Linear Feature 40
111  28.44297160 -013.86834844 20
115  28.44296980 -013.86824601
120 Linear Feature 40
111  28.44297664 -013.86862001 20
115  28.44297484 -013.86851758
120 Linear Feature 40
111  28.44298391 -013.86889540 20
115  28.44298211 -013.86879297
120 Linear Feature 114
111  28.45617225 -013.86660767 51
115  28.45613076 -013.86660949
120 Linear Feature 114
111  28.45656794 -013.86659860 51
115  28.45652646 -013.86660041
120 Linear Feature 113
111  28.45615436 -013.86686075 51
115  28.45613874 -013.86607231
120 Linear Feature 113
111  28.45655199 -013.86684948 51
115  28.45653444 -013.86606323
120 Linear Feature 132
111  28.45592645 -013.86729888 51
115  28.45592405 -013.86720889
120 Linear Feature 131
111  28.45535773 -013.86731779 51
115  28.45535454 -013.86722160
120 Linear Feature 130
111  28.45499598 -013.86732621 51
115  28.45499439 -013.86723003
120 Linear Feature 129
111  28.45591958 -013.86686959 51
115  28.45589843 -013.86606651
120 Linear Feature 129
111  28.45534141 -013.86686371 51
115  28.45532026 -013.86607820
120 Linear Feature 129
111  28.45499270 -013.86688583 51
115  28.45497541 -013.86607177
120 Linear Feature 124
111  28.45602164 -013.86560723 51
115  28.45602546 -013.86573435
120 Linear Feature 124
111  28.45612715 -013.86573039 51
115  28.45612770 -013.86581661
120 Linear Feature 124
111  28.45614035 -013.86560181 51
115  28.45614316 -013.86572703
120 Linear Feature 124
111  28.45652111 -013.86562872 51
115  28.45652392 -013.86574147
120 Linear Feature 124
111  28.45629629 -013.86559242 51
115  28.45630018 -013.86572501
120 Linear Feature 124
111  28.45657043 -013.86558417 51
115  28.45657324 -013.86569693
21  28.44700578 -013.86537440 2 181.7000 3.0 API PAPI-4L
21  28.44502008 -013.86349197 3 1.7000 3.0 API PAPI-4R
21  28.45579530 -013.86313403 2 181.7000 3.2 API PAPI-4L
21  28.44505065 -013.86454436 2 1.7000 3.0 API PAPI-4L
20  28.44025773 -013.86689364 271.2700 0 4 {@L}L5{@@}{@L}L5
20  28.43395489 -013.86389294 180.0000 0 4 {@Y}E9
20  28.43360043 -013.86391415 180.0000 0 4 {@Y}E10
20  28.43215353 -013.86540442 113.5000 0 4 {@R}STOP
20  28.43274295 -013.86558844 112.1100 0 4 {@R}01R
20  28.44056228 -013.86568688 92.8600 0 4 {@Y}{^l}T6-T7{^r}
20  28.44801046 -013.86630408 1.9100 0 4 {@Y}{^l}A4-A3
20  28.44853545 -013.86540237 90.0000 0 4 {@L}L4{@Y}{^l}T5-T6{^r}
20  28.45095220 -013.86532843 90.0000 0 4 {@L}L3{@Y}{^l}T4-T5{^r}
20  28.44798282 -013.86544377 1.9700 0 4 {@Y}{^l}L4
20  28.44909613 -013.86538060 180.0000 0 4 {@Y}L4{^r}
20  28.45008203 -013.86533426 360.0000 0 4 {@Y}{^l}L3
20  28.45148505 -013.86531088 180.0000 0 4 {@Y}L3{^r}
20  28.45312721 -013.86527275 360.0000 0 4 {@Y}{^l}L2
20  28.45466319 -013.86538502 180.0000 0 4 {@Y}L2{^r}
20  28.46316986 -013.86498227 82.0200 0 4 {@R}____{no-entry}____
20  28.46085290 -013.86493787 336.8000 0 4 {@L}E2{@Y}{safety}
20  28.45393679 -013.86524517 94.0900 0 4 {@R}____{no-entry}____
20  28.45427504 -013.86524880 94.0900 0 4 {@R}____{no-entry}____
20  28.45641173 -013.86517300 94.0900 0 4 {@R}____{no-entry}____
20  28.45680091 -013.86516777 94.0900 0 4 {@R}____{no-entry}____
20  28.46093411 -013.86498517 145.7200 0 4 {@R}____{no-entry}____
20  28.46099143 -013.86500287 92.7200 0 4 {@R}____{no-entry}____
20  28.45924686 -013.86578195 1.6400 0 4 {@L}T1
20  28.45711137 -013.86528227 90.0000 0 4 {@Y}{^l}19-01{^r}
20  28.45709022 -013.86528187 91.4300 0 4 {@L}L1{@Y}{^l}T2-T3{^r}
20  28.45761918 -013.86526861 178.5900 0 4 {@Y}{^r}L1
20  28.44198489 -013.86747755 1.1500 0 4 {@Y}{^l}B2
20  28.44251525 -013.86742622 90.0000 0 4 {@Y}{^l}A4-A5{^r}
20  28.44270015 -013.86746707 180.0000 0 4 {@Y}B2{^r}
20  28.44304988 -013.86745714 360.0000 0 4 {@Y}{^l}B1
20  28.44331958 -013.86740400 91.3300 0 4 {@Y}{^l}A4-A5{^r}
20  28.44386912 -013.86741784 180.0000 0 4 {@Y}B1{^r}{@@}{@Y}A3
20  28.44198755 -013.86809808 360.0000 0 4 {@Y}GA
20  28.44589162 -013.86787431 180.0000 0 4 {@Y}GA
20  28.44612716 -013.86735198 1.6800 0 4 {@L}T4
20  28.45771151 -013.86584236 180.0000 0 4 {@Y}T2{@@}{@Y}T1
20  28.46048057 -013.86573818 360.0000 0 4 {@R}19
20  28.43335040 -013.86596776 131.4200 0 4 {@R}____{no-entry}____
20  28.43391105 -013.86594844 131.4200 0 4 {@R}____{no-entry}____
20  28.43488814 -013.86533306 31.8000 0 4 {@R}____{no-entry}____
20  28.43472017 -013.86586875 131.4200 0 4 {@R}____{no-entry}____
20  28.43545014 -013.86584350 85.2000 0 4 {@R}____{no-entry}____
20  28.46200661 -013.86495387 152.4500 0 4 {@R}____{no-entry}____
20  28.46176599 -013.86507876 60.9500 0 4 {@R}____{no-entry}____
20  28.46252149 -013.86500320 93.0300 0 4 {@R}____{no-entry}____
20  28.46318479 -013.86436443 276.0100 0 4 {@L}E1{@Y}{safety}
20  28.46240184 -013.86468236 126.2500 0 2 {@L}A
20  28.46418609 -013.86430469 327.0900 0 4 {@L}E1{@Y}{safety}
20  28.46047770 -013.86517230 0.5000 0 4 {@R}STOP
20  28.46319600 -013.86439930 116.5600 0 4 {@R}STOP
20  28.46414006 -013.86437155 58.1700 0 4 {@R}19
20  28.45365075 -013.86524015 93.2700 0 4 {@L}L2{@Y}{^l}T3-T4{^r}
20  28.45537096 -013.86536367 180.0000 0 4 {@Y}T4{@@}{@L}T3
20  28.45607642 -013.86533111 360.0000 0 4 {@Y}{^l}L1
20  28.45686605 -013.86483734 273.0100 0 4 {@L}E5{@Y}{safety}
20  28.43510450 -013.86482617 180.0000 0 4 {@Y}E8
20  28.43882381 -013.86469754 180.0000 0 4 {@Y}E7
20  28.45323214 -013.86424424 357.1400 0 4 {@Y}E6
20  28.45488752 -013.86418776 180.0000 0 4 {@Y}E6
20  28.45576333 -013.86416450 1.9400 0 4 {@Y}E5
20  28.45433757 -013.86492753 273.0100 0 4 {@L}E6{@Y}{safety}{@@}{@Y}E6
20  28.45380227 -013.86494949 273.0100 0 4 {@L}E6{@Y}{safety}{@@}{@Y}E6
20  28.45631559 -013.86486637 273.0100 0 4 {@L}E5{@Y}{safety}{@@}{@Y}E5
20  28.45774997 -013.86408009 358.4500 0 4 {@Y}E4{@@}{@Y}E5
20  28.46294004 -013.86566933 360.0000 0 4 {@Y}E1
20  28.46120802 -013.86396517 3.0700 0 4 {@Y}E1
20  28.45269979 -013.86527228 180.0000 0 4 {@Y}T5{@@}{@L}T4
20  28.44831962 -013.86669244 274.5700 0 4 {@Y}{^l}A4-A3{^r}{@@}{@L}L4
20  28.44806745 -013.86780243 180.0000 0 4 {@L}A4{@@}{@Y}A3
20  28.43445231 -013.86676398 180.0000 0 4 {@L}T8{@Y}E10
20  28.43215851 -013.86535960 245.1700 0 4 {@L}E10{@Y}{safety}
20  28.43271560 -013.86535263 245.1700 0 4 {@L}E10{@Y}{safety}
20  28.43282617 -013.86532070 254.1400 0 4 {@L}E9{@Y}{safety}
20  28.43282089 -013.86536883 107.6500 0 4 {@Y}E9
20  28.43330042 -013.86534088 267.9100 0 4 {@L}E9{@Y}{safety}{@@}{@Y}E9
20  28.43350253 -013.86519591 229.8300 0 4 {@L}E8{@Y}{safety}{@@}{@Y}E8
20  28.43396270 -013.86558131 239.7400 0 4 {@L}E8{@Y}{safety}{@@}{@Y}E8
20  28.43525926 -013.86505448 213.1900 0 4 {@L}E7{@Y}{safety}{@@}{@Y}E7
20  28.43561683 -013.86570507 219.4700 0 4 {@L}E7{@Y}{safety}{@@}{@Y}E7
20  28.43591874 -013.86584888 4.7600 0 4 {@L}T7
20  28.43678181 -013.86664194 180.0000 0 4 {@L}T7
20  28.44003682 -013.86656026 180.0000 0 4 {@Y}T7
20  28.44001095 -013.86569708 358.5300 0 4 {@Y}{^l}L5
20  28.44111231 -013.86565638 180.0000 0 4 {@Y}L5{^r}
14  28.44759869 -013.86942143  49.21 0 Tower Viewpoint
1300  28.45693719 -013.86784840  90.00 misc helos H6
1300  28.45733209 -013.86786237  90.00 misc helos H5
15  28.45733895 -013.86832230 270.00 11
15  28.45694286 -013.86830602 270.00 12
15  28.45653479 -013.86833319 270.00 13
15  28.45605134 -013.86836222 270.00 14
15  28.45446490 -013.86837881 270.00 17
15  28.45496200 -013.86838550 270.00 16
15  28.45546554 -013.86835341 270.00 15
15  28.45383152 -013.86831951 270.00 18
15  28.45385163 -013.86836722 -95.19 18B
15  28.45329518 -013.86846391 270.00 19
15  28.45332336 -013.86838863 -98.65 19B
15  28.45269436 -013.86833952 270.00 20
15  28.45219045 -013.86846811 270.00 21
15  28.45233113 -013.86809663 270.00 21B
15  28.45201583 -013.86814981 270.00 21C
15  28.45171200 -013.86814292 270.00 22B
15  28.45175515 -013.86835153 270.00 22
15  28.45125133 -013.86855068 -87.92 23
15  28.45122311 -013.86849842 270.00 23B
15  28.45088203 -013.86832835 270.00 24
15  28.45050101 -013.86853283 270.00 25
15  28.44996597 -013.86856146 270.00 26
15  28.44931778 -013.86859709 270.00 27
15  28.44871616 -013.86858199 270.00 28
15  28.45654627 -013.86655068 270.00 31
15  28.45615196 -013.86656304 270.00 32
15  28.45305988 -013.86667796 270.00 41
15  28.45260609 -013.86668546 270.00 42
15  28.45212682 -013.86671185 270.00 43
15  28.45165360 -013.86671365 270.00 44
15  28.45031244 -013.86675634 270.00 45
15  28.44978007 -013.86681385 270.00 46
15  28.44924660 -013.86682232 270.00 47
15  28.44428785 -013.86859045 270.00 51
1300  28.44371631 -013.86826922   0.00 misc props 52B 
1300  28.44372285 -013.86854684   0.00 misc props 52C
1300  28.44372995 -013.86882612   0.00 misc props 52B
15  28.44396276 -013.86874134   1.00 52
15  28.44390402 -013.86833958   1.00 53
15  28.44302910 -013.86884308 180.99 54
15  28.44302181 -013.86857027 178.32 55
15  28.44302178 -013.86829779 178.71 56
15  28.44271071 -013.86868834   1.79 58
15  28.44269989 -013.86847152   0.00 59
1300  28.44272133 -013.86889964   0.00 misc props 57
15  28.44270187 -013.86825899   0.00 60
15  28.45457399 -013.86656461 270.00 36
15  28.45456247 -013.86613866 270.00 36B
15  28.45590959 -013.86656738 270.00 33
15  28.45590097 -013.86612771 270.00 33B
15  28.45533873 -013.86655233 270.00 34
15  28.45532170 -013.86613798 270.00 34B
15  28.45498734 -013.86655653 270.00 35
15  28.45497457 -013.86614161 270.00 35B
15  28.45659503 -013.86627260 270.00 H1
15  28.45631218 -013.86628756 270.00 H2
15  28.45604032 -013.86628718 270.00 H3
15  28.45616132 -013.86629196 270.00 H4
19  28.43645912 -013.86702253 0 New Windsock 4
19  28.44513610 -013.86500596 0 Anemometro 1
19  28.45951583 -013.86223163 0 New Windsock 1
54 11850 GCFV TWR
54 11920 GCFV TWR
55 12930 GCFV APP
99
