I
1000 Generated by WorldEditor

1    714 0 0 GCGM La Gomera
100 30.00 1 1 0.00 0 2 1 09  28.02858921 -017.22214724    0   61 2 9 0 0 27  28.03066918 -017.20705710    0   59 2 9 0 0
110 4 0.00 0.0000 Tierra terminal O
111  28.03128932 -017.21319288
112  28.03127852 -017.21317488  28.03128042 -017.21315832
111  28.03132618 -017.21281057
111  28.03150222 -017.21284009
111  28.03150476 -017.21282713
112  28.03161724 -017.21291641  28.03162487 -017.21292577
111  28.03161979 -017.21294881
111  28.03149205 -017.21314248
112  28.03148124 -017.21321088  28.03147934 -017.21322312
113  28.03146282 -017.21322528
110 4 0.00 0.0000 Tierra terminal E
111  28.03181440 -017.21157382
111  28.03152249 -017.21152621
111  28.03153885 -017.21140176
112  28.03152943 -017.21139165  28.03152102 -017.21139035
111  28.03151608 -017.21139731
112  28.03154520 -017.21117448  28.03154555 -017.21114424
112  28.03151621 -017.21113981  28.03151867 -017.21111992
111  28.03153278 -017.21100420
111  28.03160430 -017.21049586
111  28.03184698 -017.21054670
114  28.03192274 -017.21071450  28.03192217 -017.21077471
110 1 0.25 81.0000 Plataforma carretera
111  28.03132234 -017.21277617
111  28.03125239 -017.21276284
111  28.03147146 -017.21116246
113  28.03154520 -017.21117448
110 2 0.25 81.0000 Plataforma cemento
111  28.03125239 -017.21276284
111  28.03099999 -017.21271785
111  28.03121751 -017.21111965
113  28.03147146 -017.21116246
110 1 0.25 36.0000 Plataforma asfalto
111  28.03099999 -017.21271785
111  28.03094482 -017.21271071
111  28.03093064 -017.21282142
111  28.03041048 -017.21272678
112  28.03059490 -017.21139823  28.03060260 -017.21133550
112  28.03054761 -017.21131073  28.03054246 -017.21130970
112  28.03036319 -017.21128216  28.03030120 -017.21127166
111  28.03028381 -017.21132640
111  28.03024668 -017.21141281
111  28.03034377 -017.21077057
111  28.03034897 -017.21086409
112  28.03040575 -017.21098037  28.03047359 -017.21099198
113  28.03121751 -017.21111965
110 1 0.25 277.0000 Umbral 09
111  28.02878611 -017.22215037
112  28.02890289 -017.22128537  28.02894866 -017.22094615
111  28.02890289 -017.22128537
112  28.02890289 -017.22128537  28.02888763 -017.22166780
112  28.02905176 -017.22191114  28.02902887 -017.22218338
113  28.02877772 -017.22222919
110 1 0.25 277.0000 Umbral 27
111  28.03087038 -017.20703564
112  28.03104276 -017.20743903  28.03101280 -017.20773713
111  28.03104276 -017.20743903
112  28.03104276 -017.20743903  28.03099196 -017.20769876
112  28.03072791 -017.20799418  28.03064323 -017.20835132
111  28.03072791 -017.20799418
112  28.03072791 -017.20799418  28.03078392 -017.20758392
113  28.03085765 -017.20711910
110 2 0.00 0.0000 New Taxiway 2
111  28.03003240 -017.21313814
112  28.03014252 -017.21323234  28.03021444 -017.21326035
111  28.03109319 -017.21338001
112  28.03114713 -017.21330109  28.03116286 -017.21322216
111  28.03123253 -017.21274859
111  28.03132208 -017.21277241
111  28.03154131 -017.21117923
111  28.03146939 -017.21116907
112  28.03152294 -017.21065364  28.03154152 -017.21056526
112  28.03158795 -017.21014232  28.03158610 -017.21014021
112  28.03149880 -017.20998239  28.03140779 -017.20994873
112  28.03085462 -017.20966312  28.03078282 -017.20959535
112  28.03074327 -017.20897641  28.03080467 -017.20852426
111  28.03093125 -017.20770665
111  28.03091590 -017.20767345
112  28.03090055 -017.20766712  28.03088939 -017.20767345
111  28.03102238 -017.20751185
112  28.03100009 -017.20759181  28.03099080 -017.20761916
111  28.03080321 -017.20894903
112  28.03079206 -017.20924783  28.03079764 -017.20928570
112  28.03096172 -017.20964328  28.03112889 -017.20975901
112  28.03149479 -017.20989789  28.03153751 -017.20990210
111  28.03174183 -017.20994208
111  28.03173440 -017.20999258
111  28.03166382 -017.20997995
112  28.03164524 -017.21002624  28.03165639 -017.21008095
112  28.03162395 -017.21039662  28.03161466 -017.21049762
111  28.03167967 -017.21051235
112  28.03189327 -017.21061545  28.03191556 -017.21070173
112  28.03190813 -017.21088690  28.03188956 -017.21095844
111  28.03163196 -017.21295808
112  28.03168937 -017.21300208  28.03171807 -017.21301738
111  28.03180419 -017.21302121
112  28.03181770 -017.21305181  28.03181263 -017.21308625
111  28.03172314 -017.21377490
112  28.03169274 -017.21379403  28.03167586 -017.21378638
111  28.03121778 -017.21371349
111  28.03119330 -017.21375662
111  28.03057600 -017.21365187
112  28.03052719 -017.21368882  28.03051951 -017.21373230
111  28.03046886 -017.21425574
112  28.03039671 -017.21420183  28.03040592 -017.21415140
112  28.03042741 -017.21414445  28.03043816 -017.21413401
112  28.03045965 -017.21406793  28.03045965 -017.21403489
111  28.03048574 -017.21365578
112  28.03045351 -017.21362448  28.03042127 -017.21361926
112  28.03022018 -017.21357231  28.03021097 -017.21357231
112  28.03014036 -017.21361405  28.03012347 -017.21368361
111  28.02903724 -017.22154673
112  28.02903068 -017.22163004  28.02903449 -017.22163760
112  28.02903449 -017.22167539  28.02903068 -017.22168835
111  28.02902115 -017.22172398
111  28.02897444 -017.22164300
112  28.02898874 -017.22162032  28.02898874 -017.22160952
112  28.02898969 -017.22157281  28.02898779 -017.22155338
112  28.02898683 -017.22152638  28.02898874 -017.22151774
111  28.03009347 -017.21360221
112  28.03007394 -017.21353581  28.03003486 -017.21352158
111  28.03002230 -017.21352000
112  28.02997625 -017.21355004  28.02995811 -017.21358640
111  28.02998463 -017.21341250
112  28.03000974 -017.21346625  28.03003207 -017.21348522
111  28.03064469 -017.21360537
111  28.03108048 -017.21368382
112  28.03112753 -017.21358780  28.03113682 -017.21349634
112  28.03106617 -017.21347011  28.03104983 -017.21346548
111  28.03021882 -017.21331981
114  28.02999353 -017.21337829  28.02995676 -017.21343384
110 2 0.00 0.0000 New Taxiway 4
112  28.02899621 -017.22208063  28.02897000 -017.22211270
112  28.02896476 -017.22214834  28.02896476 -017.22214952
112  28.02888088 -017.22265194  28.02885362 -017.22278497
112  28.02872991 -017.22278022  28.02871208 -017.22278022
111  28.02867958 -017.22278616
112  28.02868882 -017.22274750  28.02868463 -017.22275582
112  28.02874039 -017.22272559  28.02881168 -017.22273390
111  28.02884104 -017.22263413
112  28.02890500 -017.22220535  28.02890919 -017.22218040
113  28.02888612 -017.22217565
110 1 0.00 0.0000 Parking Place and street
111  28.03162729 -017.21304449
111  28.03160020 -017.21290334
111  28.03189382 -017.21081947
112  28.03191663 -017.21060411  28.03192423 -017.21056966
112  28.03195465 -017.21050936  28.03196986 -017.21050936
111  28.03196986 -017.21033707
111  28.03193944 -017.21024232
112  28.03184059 -017.21008726  28.03185580 -017.21008726
111  28.03194704 -017.21008726
111  28.03204589 -017.21002696
111  28.03211433 -017.20998389
111  28.03219037 -017.20977715
111  28.03222839 -017.21006142
113  28.03184488 -017.21306249
110 2 0.00 0.0000 New Taxiway 6
112  28.03091215 -017.20707238  28.03092610 -017.20707525
111  28.03092991 -017.20700914
112  28.03098192 -017.20662253  28.03098319 -017.20655785
111  28.03092610 -017.20654348
112  28.03094513 -017.20649749  28.03104028 -017.20651905
111  28.03102759 -017.20661965
112  28.03097558 -017.20695596  28.03096289 -017.20702207
113  28.03100095 -017.20718735
110 2 0.00 0.0000 New Taxiway 5
111  28.02830620 -017.22272627
112  28.02828775 -017.22270668  28.02827737 -017.22270668
112  28.02817242 -017.22247542  28.02820240 -017.22227160
111  28.03035715 -017.20658382
112  28.03055299 -017.20642953  28.03071053 -017.20645977
111  28.03055364 -017.20648411
112  28.03040977 -017.20659990  28.03037917 -017.20673486
111  28.02858937 -017.21972720
112  28.02859042 -017.21985548  28.02859671 -017.21988517
112  28.02859356 -017.21991249  28.02858098 -017.21993625
112  28.02856420 -017.21997307  28.02855582 -017.21999682
111  28.02821864 -017.22245080
112  28.02825104 -017.22263544  28.02831586 -017.22267864
114  28.02832825 -017.22259657  28.02834922 -017.22255230
130 Airport Boundary 3
111  28.02820034 -017.22275724
111  28.02813742 -017.22267577
111  28.02809471 -017.22255356
111  28.02809696 -017.22242371
111  28.03026105 -017.20654488
111  28.03033002 -017.20640719
111  28.03043752 -017.20635306
111  28.03052511 -017.20633953
111  28.03098696 -017.20644327
111  28.03107058 -017.20650642
111  28.03111437 -017.20660114
111  28.03111437 -017.20687628
111  28.03094335 -017.20902248
111  28.03101561 -017.20948640
111  28.03174487 -017.20992964
111  28.03183959 -017.21007484
111  28.03194732 -017.21007905
111  28.03210520 -017.20997383
111  28.03218507 -017.20977183
111  28.03219621 -017.20975710
111  28.03225892 -017.21006188
111  28.03172193 -017.21383082
111  28.03080901 -017.21457263
111  28.03042402 -017.21463227
111  28.03028253 -017.21472547
111  28.03015749 -017.21482984
111  28.03009497 -017.21492676
111  28.02907254 -017.22196969
111  28.02890443 -017.22274547
111  28.02886487 -017.22281829
111  28.02879565 -017.22285750
113  28.02868688 -017.22285750
120 Linea exterior cabecera 09
111  28.02872751 -017.22215364 3
112  28.02897809 -017.22190608  28.02902173 -017.22166667
111  28.02897809 -017.22190608
112  28.02897809 -017.22190608  28.02899781 -017.22178994 3
112  28.02890414 -017.22163434  28.02885192 -017.22155382
111  28.02890414 -017.22163434
112  28.02890414 -017.22163434  28.02880975 -017.22146104 3
116  28.02886984 -017.22110825  28.02890597 -017.22084118
120 Linea exterior cabecera 27
112  28.03066239 -017.20811400  28.03069242 -017.20789929 3
112  28.03081515 -017.20766953  28.03093953 -017.20754389
111  28.03081515 -017.20766953
112  28.03081515 -017.20766953  28.03088169 -017.20760589 3
112  28.03097453 -017.20742088  28.03099948 -017.20726670
111  28.03097453 -017.20742088
112  28.03097453 -017.20742088  28.03099701 -017.20722391 3
116  28.03080441 -017.20709847  28.03074587 -017.20708503
120 Linea cabecera 09
112  28.02867075 -017.22156104  28.02865640 -017.22167343 1 101
112  28.02863147 -017.22195209  28.02864415 -017.22200532 1 101
112  28.02874530 -017.22206828  28.02881251 -017.22207977 1 101
112  28.02890056 -017.22193415  28.02891911 -017.22185901
111  28.02890056 -017.22193415
112  28.02890056 -017.22193415  28.02894291 -017.22177634 1 101
112  28.02880615 -017.22165465  28.02876382 -017.22158772
111  28.02880615 -017.22165465
112  28.02880615 -017.22165465  28.02872229 -017.22151952 1 101
112  28.02871413 -017.22132161  28.02871894 -017.22124838
111  28.02871413 -017.22132161
112  28.02871413 -017.22132161  28.02873430 -017.22117735 1 101
115  28.02879917 -017.22069939
120 Linea cabecera 27
112  28.03048405 -017.20850086  28.03048931 -017.20846447 1 101
112  28.03056714 -017.20790407  28.03059443 -017.20770030
111  28.03056714 -017.20790407
112  28.03056714 -017.20790407  28.03057543 -017.20784653 1 101
112  28.03078509 -017.20756675  28.03093891 -017.20747695
111  28.03078509 -017.20756675
112  28.03078509 -017.20756675  28.03080480 -017.20755608 1 101
112  28.03090826 -017.20739304  28.03091860 -017.20727740
111  28.03090826 -017.20739304
112  28.03090826 -017.20739304  28.03092280 -017.20729006 1 101
112  28.03080560 -017.20718300  28.03075030 -017.20717744
111  28.03080560 -017.20718300
112  28.03080560 -017.20718300  28.03072601 -017.20717223 1 101
112  28.03064882 -017.20726740  28.03059700 -017.20737094
111  28.03064882 -017.20726740
112  28.03064882 -017.20726740  28.03064003 -017.20728239 1 101
116  28.03059311 -017.20762600  28.03058692 -017.20767038
120 Linea pista cerca 09
112  28.03038893 -017.21112891  28.03013781 -017.21110088 1 101
111  28.03008688 -017.21137126 1 101
115  28.03000238 -017.21198525
120 Linea pista cerca 27
112  28.03038893 -017.21112891  28.03013746 -017.21106624 1 101
111  28.03016377 -017.21079622 1 101
115  28.03024946 -017.21017942
120 Linea carretera 3
111  28.03125247 -017.21276905 102
115  28.03147308 -017.21116624
120 Linea blanca doble
111  28.03094453 -017.21271327 21
115  28.03042540 -017.21262073
120 Linea zona espera
111  28.03048136 -017.21106659 54 103
115  28.03046138 -017.21121731
120 Linea pista antes de division
111  28.03062832 -017.21232311 1 101
111  28.03075285 -017.21140124 1 101
112  28.03064574 -017.21117516  28.03051839 -017.21111358
111  28.03064574 -017.21117516
112  28.03064574 -017.21117516  28.03062502 -017.21117142 1 101
115  28.03038893 -017.21112891
120 Lineas zona puesto 1a
111  28.03095160 -017.21126285 51 101
112  28.03133689 -017.21133018  28.03141266 -017.21134339
111  28.03133689 -017.21133018
112  28.03133689 -017.21133018  28.03135013 -017.21155898 51 101
112  28.03106563 -017.21142724  28.03102134 -017.21130077
111  28.03106563 -017.21142724
112  28.03106563 -017.21142724  28.03101833 -017.21141909 51 101
115  28.03095994 -017.21140892
120 Lineas zona puesto 1b
111  28.03130946 -017.21133284 51
115  28.03131199 -017.21131699
120 Lineas zona puesto 1c
111  28.03132213 -017.21134909 51
115  28.03131337 -017.21140891
120 Lineas zona puesto 1d
111  28.03096616 -017.21141837 51
111  28.03095994 -017.21140892 51
115  28.03096787 -017.21140170
120 Lineas zona puesto 2a
111  28.03092653 -017.21164788 51 101
112  28.03122658 -017.21191767  28.03122727 -017.21191829
111  28.03122658 -017.21191767
112  28.03122658 -017.21191767  28.03123249 -017.21204967 51 101
112  28.03100469 -017.21200590  28.03093481 -017.21189010
111  28.03100469 -017.21200590
112  28.03100469 -017.21200590  28.03097689 -017.21200040 51 101
115  28.03095836 -017.21199686
120 Lineas zona puesto 2b
111  28.03119977 -017.21190358 51
115  28.03120939 -017.21189121
120 Lineas zona puesto 2c
111  28.03118971 -017.21191308 51
115  28.03115704 -017.21195959
120 Lineas zona puesto 2d
111  28.03096401 -017.21200605 51
111  28.03095836 -017.21199686 51
115  28.03096617 -017.21199052
120 Lineas zona puesto 3a
111  28.03085512 -017.21217053 51 101
112  28.03115224 -017.21245467  28.03115293 -017.21245529
111  28.03115224 -017.21245467
112  28.03115224 -017.21245467  28.03115815 -017.21258667 51 101
116  28.03094250 -017.21256369  28.03085845 -017.21247770
120 Lineas zona puesto 3b
111  28.03112800 -017.21244296 51
115  28.03113795 -017.21243113
120 Lineas zona puesto 3c
111  28.03111617 -017.21245373 51
115  28.03108350 -017.21249878
120 Lineas zona puesto 3d
111  28.03094295 -017.21257441 51
111  28.03094250 -017.21256369 51
115  28.03095139 -017.21256206
120 Lineas zona puesto 4a
111  28.03069847 -017.21247495 51 101
112  28.03067101 -017.21267800  28.03066977 -017.21268659
111  28.03067101 -017.21267800
112  28.03067101 -017.21267800  28.03067151 -017.21269387 51 101
111  28.03068981 -017.21270733 51 101
111  28.03079471 -017.21272678 51 101
112  28.03081542 -017.21270332  28.03082286 -017.21267988
111  28.03081542 -017.21270332
112  28.03081542 -017.21270332  28.03081688 -017.21269263 51 101
111  28.03083522 -017.21255723 51 101
112  28.03082823 -017.21252807  28.03081861 -017.21251245
111  28.03082823 -017.21252807
112  28.03082823 -017.21252807  28.03082267 -017.21252110 51 101
115  28.03075630 -017.21244047
120 Lineas zona puesto 4b
111  28.03067535 -017.21258545 51
115  28.03069024 -017.21258834
120 Lineas zona puesto 4c
111  28.03064967 -017.21257428 51
115  28.03063598 -017.21257145
120 Lineas zona puesto 5a
111  28.03068981 -017.21270733 51 101
111  28.03055970 -017.21268421 51 101
112  28.03053391 -017.21265229  28.03053496 -017.21262732
111  28.03053391 -017.21265229
112  28.03053391 -017.21265229  28.03053481 -017.21264635 51 101
115  28.03056208 -017.21245312
120 Lineas zona puesto 5b
111  28.03053841 -017.21256138 51
115  28.03055446 -017.21256389
120 Lineas zona puesto 5c
111  28.03053883 -017.21254816 51
115  28.03052468 -017.21254554
120 Linea flecha 1a
111  28.03079407 -017.21124260 1
111  28.03080178 -017.21123629 1
115  28.03079603 -017.21122776
120 Linea flecha 1b
111  28.03070157 -017.21121746 1 101
115  28.03080178 -017.21123629
120 Linea flecha 2a
111  28.03081390 -017.21155712 1
111  28.03082334 -017.21155577 1
115  28.03082191 -017.21154516
120 Linea flecha 2b
111  28.03074184 -017.21148282 1 101
115  28.03082334 -017.21155577
120 Linea flecha 3a
111  28.03074229 -017.21207239 1
111  28.03075176 -017.21207146 1
115  28.03075070 -017.21206080
120 Linea flecha 3b
111  28.03067257 -017.21199556 1 101
115  28.03075176 -017.21207146
120 Linea flecha 4a
111  28.03067356 -017.21224078 1
111  28.03068139 -017.21224690 1
115  28.03068656 -017.21223791
120 Linea flecha 4b
111  28.03065845 -017.21210021 1 101
115  28.03068139 -017.21224690
120 Linea flecha 5a
111  28.03059383 -017.21232163 1
111  28.03059828 -017.21233116 1
115  28.03060653 -017.21232590
120 Linea flecha 5b
111  28.03064692 -017.21218531 1 101
115  28.03059828 -017.21233116
120 Linea rodea plataforma
112  28.03021757 -017.21133856  28.03022356 -017.21129499 3
112  28.03036527 -017.21120035  28.03047512 -017.21120934
111  28.03036527 -017.21120035
112  28.03036527 -017.21120035  28.03039925 -017.21120637 3
111  28.03056254 -017.21123513 3
112  28.03066512 -017.21141412  28.03064759 -017.21156276
111  28.03066512 -017.21141412
112  28.03066512 -017.21141412  28.03065723 -017.21147534 3
111  28.03048916 -017.21270253 3
111  28.03090554 -017.21277810 3
111  28.03092606 -017.21262574 3
111  28.03126305 -017.21268495 3
111  28.03146068 -017.21124236 3
112  28.03038719 -017.21104974  28.03035466 -017.21104406
111  28.03038719 -017.21104974
112  28.03038719 -017.21104974  28.03028684 -017.21102326 3
116  28.03028342 -017.21086103  28.03029261 -017.21079347
120 Linear Feature 5
112  28.03000250 -017.21335266  28.03004173 -017.21331704 20
112  28.03020666 -017.21330901  28.03024835 -017.21330971 20
111  28.03039830 -017.21334073 20
112  28.03108770 -017.21346479  28.03113125 -017.21347354 20
115  28.03113808 -017.21356640
120 Linear Feature 4
111  28.03116903 -017.21334613 20
112  28.03109703 -017.21341545  28.03105559 -017.21340749 20
111  28.03040763 -017.21329280 20
112  28.03009964 -017.21323782  28.03005982 -017.21322654 20
115  28.03003110 -017.21315356
120 Linear Feature 32
111  28.03147714 -017.21245243 20
111  28.03147243 -017.21248526 20
111  28.03143146 -017.21255417 20
111  28.03138412 -017.21254499 20
115  28.03139754 -017.21243824
120 Linear Feature 28
111  28.03040169 -017.21334006 21
115  28.03040837 -017.21329418
120 Linear Feature 27
111  28.03036298 -017.21361016 21
115  28.03037014 -017.21356153
120 Linear Feature 25
111  28.03178453 -017.21329009 20
111  28.03159496 -017.21325320 20
111  28.03161100 -017.21312526 20
115  28.03180206 -017.21316027
120 Linear Feature 24
111  28.03125494 -017.21331053 21
115  28.03126914 -017.21320286
120 Linear Feature 23
111  28.03149627 -017.21315626 21
115  28.03156535 -017.21316834
120 Linear Feature 22
111  28.03165044 -017.21253588 20
111  28.03165107 -017.21252619 20
113  28.03162289 -017.21253839 20
120 Linear Feature 21
111  28.03167762 -017.21254583 20
115  28.03164057 -017.21255874
120 Linear Feature 20
111  28.03168427 -017.21250063 20
111  28.03164532 -017.21250995 20
111  28.03157376 -017.21249955 20
111  28.03154874 -017.21248197 20
115  28.03155191 -017.21246367
120 Linear Feature 19
111  28.03163637 -017.21284643 20
111  28.03162565 -017.21285080 20
111  28.03159080 -017.21282240 20
111  28.03159420 -017.21279062 20
115  28.03163809 -017.21277472
120 Linear Feature 14
111  28.03150108 -017.21281641 20
112  28.03162221 -017.21290917  28.03162929 -017.21291382 20
112  28.03162138 -017.21295890  28.03161580 -017.21296523 20
111  28.03149878 -017.21314436 20
111  28.03148817 -017.21320877 20
112  28.03145583 -017.21322933  28.03142566 -017.21322469 20
112  28.03128593 -017.21319845  28.03127963 -017.21319726 20
112  28.03127069 -017.21317669  28.03127216 -017.21316692 20
115  28.03132242 -017.21280409
120 Linear Feature 16
111  28.03128544 -017.21277288 22
115  28.03150665 -017.21116792
120 Linear Feature 15
111  28.03154019 -017.21117606 21
115  28.03131978 -017.21277560
120 Linear Feature 7
111  28.03208038 -017.21041980 20
115  28.03178435 -017.21274386
120 Linear Feature 10
111  28.03205006 -017.21003008 22
111  28.03214583 -017.21023039 22
111  28.03216746 -017.21042692 22
111  28.03183745 -017.21290967 22
111  28.03177302 -017.21296219 22
111  28.03170858 -017.21292337 22
112  28.03167679 -017.21281684  28.03168070 -017.21280800 22
111  28.03170059 -017.21267775 22
111  28.03171601 -017.21251398 22
111  28.03199811 -017.21040683 22
111  28.03199900 -017.21027523 22
111  28.03198339 -017.21017457 22
116  28.03195251 -017.21008755  28.03194080 -017.21007428
21  28.02855697 -017.21989300 3 81.2000 3.0 PAPI 09R
21  28.02922995 -017.22000676 2 81.2000 3.0 PAPI 09L
21  28.03006479 -017.20908668 2 261.2000 3.0 PAPI 27L
21  28.03070454 -017.20919834 3 261.2000 3.0 PAPI 27R
20  28.03050203 -017.21094845 170.0000 0 4 {@L}A{@R}27-09
20  28.03044640 -017.21133587 170.0000 0 3 {@R}27-09{@L}A
14  28.03068639 -017.21450152 104.99 0 Torre (vista)
1300  28.03127728 -017.21131865 348.38 misc heavy|jets|turboprops|props Puesto 1
1300  28.03117876 -017.21187473 320.08 misc heavy|jets|turboprops|props Puesto 2
1300  28.03110564 -017.21240849 312.99 misc heavy|jets|turboprops|props Puesto 3
1300  28.03068735 -017.21255718 260.00 misc jets|turboprops|props|helos Puesto 4
1300  28.03055157 -017.21252921 260.00 misc jets|turboprops|props|helos Puesto 5
19  28.03127998 -017.20932555 0 Windsock E
19  28.03032445 -017.21528054 0 Windsock C
19  28.02977435 -017.22019933 0 Windsock O
50 11840 GCGM AFIS
99
