I
1050 Generated by WorldEditor

1    104 1 0 GCHI Hierro
100 29.15 1 1 0.25 0 2 0 16  27.81987524 -017.88999137    0   26 2 0 0 0 34  27.80982196 -017.88413039    0   24 2 0 0 0
102 H1  27.80646147 -017.88471761 358.66 20.00 20.00 1 0 0 0.00 1
102 H2  27.80679469 -017.88442613 348.13 12.00 12.00 2 0 0 0.00 0
110 2 0.00 0.0000 New Taxiway 7
111  27.81302985 -017.88684260
111  27.81292227 -017.88678217
111  27.81294378 -017.88673508
113  27.81305050 -017.88679403
110 1 0.00 0.0000 New Taxiway 4
111  27.81362270 -017.88495497
111  27.81362044 -017.88495899
111  27.81345399 -017.88486344
113  27.81345691 -017.88485868
110 2 0.00 0.0000 New Taxiway 13
111  27.81478467 -017.88528554
112  27.81474444 -017.88526327  27.81474402 -017.88526090
111  27.81476539 -017.88522015
113  27.81480520 -017.88524337
110 1 0.00 0.0000 New Taxiway 11
111  27.81347904 -017.88485065
111  27.81348285 -017.88484125
111  27.81349151 -017.88484712
113  27.81348770 -017.88485456
110 1 0.00 0.0000 New Taxiway 10
111  27.81359715 -017.88490586
111  27.81359160 -017.88491604
111  27.81358191 -017.88491017
113  27.81358606 -017.88489920
110 2 0.00 111.0000 Suelo manga 16
111  27.81772819 -017.88958029
112  27.81767130 -017.88951713  27.81767067 -017.88945488
111  27.81773280 -017.88945281
114  27.81778354 -017.88951770  27.81778252 -017.88957333
110 2 0.00 111.0000 Suelo manga 34
111  27.81115859 -017.88571235
112  27.81110170 -017.88564919  27.81110107 -017.88558695
111  27.81116320 -017.88558487
114  27.81121394 -017.88564977  27.81121292 -017.88570540
110 2 0.25 152.0000 Cabecera 16 cemento
111  27.81910299 -017.88970680
111  27.81922138 -017.88944530
111  27.81989806 -017.88983935
112  27.81977716 -017.89010070  27.81972177 -017.89021163
111  27.81977716 -017.89010070
112  27.81977716 -017.89010070  27.81967575 -017.89023266
112  27.81945367 -017.89018765  27.81936354 -017.89014148
111  27.81945367 -017.89018765
112  27.81945367 -017.89018765  27.81936393 -017.89013398
112  27.81929503 -017.88994351  27.81925732 -017.88980254
111  27.81929503 -017.88994351
114  27.81929503 -017.88994351  27.81924668 -017.88979179
110 1 0.25 152.0000 Cabecera 16 asfalto
111  27.81898590 -017.88963694
111  27.81981521 -017.89012307
112  27.81977029 -017.89021605  27.81973367 -017.89028325
112  27.81941234 -017.89025902  27.81928035 -017.89017151
112  27.81924027 -017.89001916  27.81920987 -017.88992618
112  27.81907580 -017.88977304  27.81898044 -017.88971756
111  27.81907580 -017.88977304
114  27.81907580 -017.88977304  27.81897035 -017.88970936
110 1 0.25 152.0000 Cabecera 34 asfalto
111  27.81059311 -017.88473969
112  27.81042987 -017.88473936  27.81030216 -017.88467920
112  27.81016571 -017.88471088  27.81011174 -017.88472979
112  27.80990731 -017.88469514  27.80978341 -017.88462896
112  27.80972488 -017.88434418  27.80975017 -017.88428483
113  27.80976269 -017.88425781
110 2 0.25 100.0000 Plat concrete farola
111  27.81438378 -017.88559226
111  27.81435172 -017.88557311
111  27.81436733 -017.88554044
113  27.81439848 -017.88555839
110 1 0.25 77.0000 Plataforma asfalto
111  27.81425261 -017.88647164
112  27.81431855 -017.88644759  27.81433086 -017.88642704
112  27.81441145 -017.88623485  27.81441408 -017.88622763
112  27.81439793 -017.88619764  27.81438357 -017.88618903
112  27.81426060 -017.88612227  27.81424769 -017.88611671
111  27.81422862 -017.88613911
112  27.81413621 -017.88634129  27.81412900 -017.88635803
111  27.81416489 -017.88642338
111  27.81383700 -017.88623168
112  27.81391403 -017.88621610  27.81392424 -017.88619505
112  27.81400904 -017.88601033  27.81401244 -017.88600173
112  27.81399422 -017.88596428  27.81397640 -017.88595228
112  27.81387282 -017.88588904  27.81385881 -017.88588428
112  27.81361302 -017.88597761  27.81360434 -017.88598718
112  27.81358930 -017.88602395  27.81358649 -017.88605246
111  27.81363529 -017.88611409
111  27.81327758 -017.88590470
112  27.81338373 -017.88587628  27.81340391 -017.88583195
112  27.81346512 -017.88569290  27.81346907 -017.88568374
112  27.81346144 -017.88564830  27.81345223 -017.88564255
112  27.81332525 -017.88556958  27.81331774 -017.88556931
112  27.81308815 -017.88565427  27.81307604 -017.88567070
112  27.81305860 -017.88572606  27.81304770 -017.88575439
111  27.81309509 -017.88579802
111  27.81274128 -017.88559125
112  27.81280340 -017.88557612  27.81281742 -017.88554410
111  27.81311405 -017.88487232
111  27.81332488 -017.88499000
111  27.81339480 -017.88503687
111  27.81354379 -017.88512462
111  27.81364012 -017.88491569
111  27.81368176 -017.88493881
111  27.81364237 -017.88502466
112  27.81369478 -017.88504262  27.81373902 -017.88506617
111  27.81373902 -017.88506617
112  27.81369299 -017.88516234  27.81368201 -017.88518476
111  27.81368903 -017.88518954
111  27.81426157 -017.88552605
112  27.81427444 -017.88551457  27.81428143 -017.88549944
111  27.81432590 -017.88539984
111  27.81438775 -017.88543684
111  27.81441478 -017.88537940
111  27.81456785 -017.88547660
111  27.81447477 -017.88567909
111  27.81480616 -017.88588153
111  27.81483485 -017.88581950
111  27.81491923 -017.88586998
112  27.81479181 -017.88614633  27.81478720 -017.88615676
111  27.81477179 -017.88614952
111  27.81475368 -017.88619101
111  27.81474513 -017.88619227
112  27.81456225 -017.88658661  27.81454221 -017.88663193
113  27.81460219 -017.88667466
110 2 0.25 62.0000 Plat concrete norte
111  27.81526574 -017.88612387
112  27.81526211 -017.88611330  27.81526475 -017.88610833
112  27.81532804 -017.88597242  27.81533009 -017.88596712
111  27.81533673 -017.88596688
111  27.81554870 -017.88609276
112  27.81555168 -017.88610080  27.81554963 -017.88610610
112  27.81548588 -017.88624421  27.81548324 -017.88625017
113  27.81547757 -017.88624714
110 2 0.25 62.0000 Plat concrete 1
111  27.81483485 -017.88581950
111  27.81480616 -017.88588153
111  27.81447477 -017.88567909
111  27.81456177 -017.88547574
111  27.81498487 -017.88572197
113  27.81491923 -017.88586998
110 2 0.25 62.0000 Plat concrete 2
111  27.81446434 -017.88527581
111  27.81441478 -017.88537940
111  27.81438775 -017.88543684
111  27.81432590 -017.88539984
112  27.81427444 -017.88551457  27.81426745 -017.88552970
111  27.81426157 -017.88552605
111  27.81368903 -017.88518954
112  27.81369299 -017.88516234  27.81370398 -017.88513992
111  27.81373902 -017.88506617
112  27.81369478 -017.88504262  27.81365053 -017.88501907
111  27.81364237 -017.88502466
111  27.81368176 -017.88493881
111  27.81345001 -017.88480586
111  27.81343001 -017.88484940
112  27.81341612 -017.88482990  27.81342126 -017.88481898
111  27.81344943 -017.88476041
111  27.81369878 -017.88489998
111  27.81371548 -017.88486428
113  27.81374158 -017.88485112
110 2 0.25 100.0000 Plat concrete 3
111  27.81337990 -017.88502874
111  27.81340989 -017.88496356
111  27.81345525 -017.88486236
111  27.81357208 -017.88492964
111  27.81352205 -017.88503911
111  27.81355320 -017.88505725
111  27.81353809 -017.88509193
111  27.81350647 -017.88507379
113  27.81349566 -017.88509650
110 1 0.25 150.0000 Plat asfalto aparcamientos
111  27.81344943 -017.88476041
112  27.81341612 -017.88482990  27.81341099 -017.88484082
111  27.81343001 -017.88484940
111  27.81345525 -017.88486236
111  27.81340989 -017.88496356
111  27.81336756 -017.88493867
111  27.81333985 -017.88500002
111  27.81332488 -017.88499000
111  27.81311405 -017.88487232
111  27.81300309 -017.88480662
111  27.81288018 -017.88509117
111  27.81250391 -017.88486145
111  27.81233752 -017.88453720
111  27.81216276 -017.88443321
111  27.81189436 -017.88424414
111  27.81190439 -017.88408154
111  27.81231076 -017.88413353
111  27.81266445 -017.88420538
111  27.81298888 -017.88431315
111  27.81317032 -017.88438972
111  27.81347217 -017.88454476
113  27.81353616 -017.88458243
111  27.81335362 -017.88469234
112  27.81336495 -017.88468540  27.81337109 -017.88467526
111  27.81336495 -017.88468540
112  27.81336495 -017.88468540  27.81337628 -017.88464805
111  27.81334041 -017.88462884
113  27.81332153 -017.88467206
110 1 0.00 0.0000 New Taxiway 2
111  27.81444822 -017.88544731
111  27.81375054 -017.88488155
111  27.81368911 -017.88490789
111  27.81344377 -017.88476450
111  27.81345047 -017.88451533
111  27.81363635 -017.88461916
111  27.81371556 -017.88461727
111  27.81431823 -017.88497068
111  27.81442613 -017.88503566
111  27.81453242 -017.88509319
111  27.81465654 -017.88516532
111  27.81473934 -017.88522662
111  27.81474745 -017.88520828
111  27.81477839 -017.88522605
111  27.81489844 -017.88522318
111  27.81494418 -017.88524399
111  27.81495478 -017.88529886
111  27.81495310 -017.88533355
111  27.81503544 -017.88555733
111  27.81502991 -017.88561727
113  27.81498473 -017.88572359
112  27.81372622 -017.88471075  27.81370709 -017.88469183
112  27.81366034 -017.88472022  27.81364957 -017.88473779
112  27.81368437 -017.88479579  27.81372383 -017.88480795
113  27.81373662 -017.88476767
112  27.81464931 -017.88532812  27.81466011 -017.88530980
112  27.81463573 -017.88525294  27.81461413 -017.88523462
112  27.81457093 -017.88526820  27.81455842 -017.88529035
114  27.81458578 -017.88534451  27.81460603 -017.88535825
110 1 0.00 0.0000 New Taxiway 1
111  27.81547534 -017.88627704
111  27.81522426 -017.88612900
111  27.81527556 -017.88601300
111  27.81531200 -017.88596035
111  27.81533428 -017.88594203
111  27.81536060 -017.88594356
111  27.81555094 -017.88605955
112  27.81556713 -017.88608016  27.81556848 -017.88608245
112  27.81557253 -017.88611831  27.81557253 -017.88612289
113  27.81550504 -017.88627246
130 Airport Boundary 3
111  27.80928653 -017.88447399
111  27.80963331 -017.88366436
111  27.81190856 -017.88407782
111  27.81231151 -017.88412573
111  27.81266584 -017.88419322
111  27.81299321 -017.88430643
111  27.81317687 -017.88437835
111  27.81345697 -017.88451510
111  27.81363586 -017.88461411
111  27.81371884 -017.88461306
111  27.81465663 -017.88516492
111  27.81473778 -017.88522264
111  27.81474730 -017.88520498
111  27.81477702 -017.88522437
111  27.81489859 -017.88521815
111  27.81494339 -017.88524035
111  27.81495627 -017.88529585
111  27.81495443 -017.88533262
111  27.81503361 -017.88555858
111  27.81503054 -017.88561894
111  27.81498820 -017.88572508
111  27.81528948 -017.88595440
111  27.81533288 -017.88593061
111  27.81536708 -017.88593358
111  27.81561563 -017.88608420
111  27.81601137 -017.88643134
111  27.81891252 -017.88860009
111  27.82031058 -017.88986061
111  27.81985534 -017.89099515
111  27.81473105 -017.88798604
111  27.81027838 -017.88517812
111  27.81020085 -017.88502384
111  27.81001167 -017.88492917
113  27.80976046 -017.88480295
130 GCHI Boundary Helis
111  27.80664005 -017.88490361
111  27.80628847 -017.88492460
111  27.80628034 -017.88449301
111  27.80670503 -017.88429493
111  27.80689997 -017.88429755
113  27.80691274 -017.88454155
120 Linear Feature 43
111  27.81244650 -017.88430476 20
115  27.81228616 -017.88421413
120 Linear Feature 42
111  27.81252667 -017.88426055 20
112  27.81245041 -017.88429924  27.81244357 -017.88430919 20
115  27.81244357 -017.88430366
120 Linear Feature 41
111  27.81233704 -017.88424188 20
115  27.81231674 -017.88427744
120 Linear Feature 41
111  27.81236540 -017.88425736 20
115  27.81234509 -017.88429291
120 Linear Feature 41
111  27.81230478 -017.88422309 20
115  27.81228448 -017.88425864
120 Linear Feature 41
111  27.81239081 -017.88427283 20
115  27.81237051 -017.88430839
120 Linear Feature 41
111  27.81241623 -017.88428831 20
115  27.81239593 -017.88432386
120 Linear Feature 41
111  27.81244263 -017.88430489 20
115  27.81242233 -017.88434044
120 Linear Feature 41
111  27.81259710 -017.88438226 20
115  27.81257680 -017.88442555
120 Linear Feature 40
111  27.81261821 -017.88439602 20
115  27.81260012 -017.88443353
120 Linear Feature 39
111  27.81336036 -017.88477712 20
115  27.81332116 -017.88486278
120 Linear Feature 39
111  27.81333396 -017.88476386 20
115  27.81329476 -017.88484952
120 Linear Feature 39
111  27.81330366 -017.88474949 20
115  27.81326445 -017.88483515
120 Linear Feature 39
111  27.81327335 -017.88473512 20
115  27.81323415 -017.88482078
120 Linear Feature 39
111  27.81324793 -017.88471854 20
115  27.81320873 -017.88480420
120 Linear Feature 39
111  27.81322544 -017.88470527 20
115  27.81318624 -017.88479093
120 Linear Feature 39
111  27.81319709 -017.88468869 20
115  27.81315789 -017.88477435
120 Linear Feature 39
111  27.81316776 -017.88467101 20
115  27.81312856 -017.88475667
120 Linear Feature 39
111  27.81313745 -017.88465222 20
115  27.81309825 -017.88473788
120 Linear Feature 39
111  27.81310910 -017.88463453 20
115  27.81306990 -017.88472019
120 Linear Feature 39
111  27.81308466 -017.88461795 20
115  27.81304546 -017.88470361
120 Linear Feature 39
111  27.81305533 -017.88460358 20
115  27.81301613 -017.88468924
120 Linear Feature 39
111  27.81303089 -017.88458921 20
115  27.81299168 -017.88467487
120 Linear Feature 39
111  27.81300547 -017.88457816 20
115  27.81296626 -017.88466382
120 Linear Feature 39
111  27.81297711 -017.88456047 20
115  27.81293791 -017.88464613
120 Linear Feature 39
111  27.81294778 -017.88454540 20
115  27.81290858 -017.88463106
120 Linear Feature 39
111  27.81291756 -017.88452731 20
115  27.81287836 -017.88461297
120 Linear Feature 39
111  27.81289179 -017.88451425 20
115  27.81285259 -017.88459991
120 Linear Feature 39
111  27.81286690 -017.88449817 20
115  27.81282770 -017.88458383
120 Linear Feature 39
111  27.81284202 -017.88448209 20
115  27.81280282 -017.88456775
120 Linear Feature 39
111  27.81281891 -017.88446903 20
115  27.81277971 -017.88455469
120 Linear Feature 39
111  27.81279418 -017.88445131 20
115  27.81275498 -017.88453696
120 Linear Feature 39
111  27.81276559 -017.88443213 20
115  27.81272639 -017.88451778
120 Linear Feature 39
111  27.81273850 -017.88441526 20
115  27.81269930 -017.88450092
120 Linear Feature 39
111  27.81271158 -017.88439450 20
115  27.81267238 -017.88448016
120 Linear Feature 39
111  27.81268622 -017.88437995 20
115  27.81264702 -017.88446561
120 Linear Feature 39
111  27.81265854 -017.88436491 20
115  27.81261934 -017.88445057
120 Linear Feature 38
111  27.81259659 -017.88438344 20
116  27.81265869 -017.88436457  27.81270744 -017.88439401
120 Linear Feature 37
111  27.81335263 -017.88483007 20
115  27.81259560 -017.88438213
120 Linear Feature 36
111  27.81292242 -017.88443573 22
115  27.81279819 -017.88435769
120 Linear Feature 35
111  27.81285294 -017.88436966 20
115  27.81284467 -017.88438713
120 Linear Feature 35
111  27.81289378 -017.88439586 20
115  27.81288550 -017.88441333
120 Linear Feature 35
111  27.81293076 -017.88441832 20
115  27.81292248 -017.88443579
120 Linear Feature 34
111  27.81293076 -017.88441832 20
111  27.81280824 -017.88433971 20
115  27.81279821 -017.88435797
120 Linear Feature 32
112  27.81294384 -017.88439505  27.81294384 -017.88439537 20
115  27.81292430 -017.88443924
120 Linear Feature 32
112  27.81296655 -017.88440638  27.81296655 -017.88440670 20
115  27.81294701 -017.88445056
120 Linear Feature 32
112  27.81298992 -017.88441997  27.81298992 -017.88442029 20
115  27.81297038 -017.88446415
120 Linear Feature 32
112  27.81301262 -017.88443431  27.81301262 -017.88443463 20
115  27.81299308 -017.88447850
120 Linear Feature 32
112  27.81303533 -017.88444790  27.81303533 -017.88444822 20
115  27.81301579 -017.88449209
120 Linear Feature 32
112  27.81305803 -017.88445922  27.81305803 -017.88445954 20
115  27.81303849 -017.88450341
120 Linear Feature 32
112  27.81307873 -017.88447130  27.81307873 -017.88447162 20
115  27.81305919 -017.88451549
120 Linear Feature 32
112  27.81310144 -017.88448414  27.81310144 -017.88448446 20
115  27.81308190 -017.88452832
120 Linear Feature 32
112  27.81312280 -017.88449848  27.81312280 -017.88449880 20
115  27.81310326 -017.88454267
120 Linear Feature 32
112  27.81314336 -017.88451011  27.81314336 -017.88451043 20
115  27.81312382 -017.88455429
120 Linear Feature 32
112  27.81316112 -017.88452138  27.81316112 -017.88452170 20
115  27.81314158 -017.88456556
120 Linear Feature 32
112  27.81318075 -017.88453300  27.81318075 -017.88453332 20
115  27.81316121 -017.88457719
120 Linear Feature 32
112  27.81320131 -017.88454568  27.81320131 -017.88454600 20
115  27.81318177 -017.88458986
120 Linear Feature 32
112  27.81322187 -017.88455730  27.81322187 -017.88455762 20
115  27.81320233 -017.88460149
120 Linear Feature 32
112  27.81324149 -017.88456752  27.81324149 -017.88456784 20
115  27.81322195 -017.88461170
120 Linear Feature 32
112  27.81326205 -017.88457984  27.81326205 -017.88458016 20
115  27.81324251 -017.88462403
120 Linear Feature 32
112  27.81328105 -017.88459182  27.81328105 -017.88459214 20
115  27.81326151 -017.88463600
120 Linear Feature 32
112  27.81329912 -017.88460309  27.81329912 -017.88460341 20
115  27.81327958 -017.88464727
120 Linear Feature 32
112  27.81331875 -017.88461542  27.81331875 -017.88461574 20
115  27.81329921 -017.88465960
120 Linear Feature 31
111  27.81334160 -017.88462807 20
112  27.81336926 -017.88467450  27.81336352 -017.88470385 20
112  27.81335246 -017.88469278  27.81335075 -017.88469158 20
111  27.81332033 -017.88467258 20
115  27.81333948 -017.88462807
120 Linear Feature 29
111  27.81335854 -017.88485243 20
112  27.81334440 -017.88485914  27.81333801 -017.88485450 20
112  27.81334540 -017.88484029  27.81334996 -017.88483462 20
111  27.81342481 -017.88464734 20
112  27.81343548 -017.88464316  27.81344055 -017.88464680 20
114  27.81343685 -017.88465848  27.81343585 -017.88466132 20
120 Linear Feature 28
111  27.81344412 -017.88488579 20
115  27.81339614 -017.88485751
120 Linear Feature 28
111  27.81343212 -017.88491213 20
115  27.81338415 -017.88488385
120 Linear Feature 28
111  27.81341979 -017.88493770 20
115  27.81337181 -017.88490942
120 Linear Feature 27
111  27.81331289 -017.88498348 20
115  27.81333403 -017.88494410
120 Linear Feature 27
111  27.81329050 -017.88496988 20
115  27.81331164 -017.88493051
120 Linear Feature 27
111  27.81326811 -017.88495723 20
115  27.81328925 -017.88491785
120 Linear Feature 27
111  27.81324530 -017.88494598 20
115  27.81326645 -017.88490660
120 Linear Feature 27
111  27.81322001 -017.88493097 20
115  27.81324116 -017.88489160
120 Linear Feature 27
111  27.81319555 -017.88491551 20
115  27.81321669 -017.88487613
120 Linear Feature 27
111  27.81317233 -017.88490238 20
115  27.81319347 -017.88486300
120 Linear Feature 27
111  27.81314786 -017.88489160 20
115  27.81316901 -017.88485222
120 Linear Feature 27
111  27.81312547 -017.88487800 20
115  27.81314662 -017.88483862
120 Linear Feature 27
111  27.81310286 -017.88486394 20
115  27.81312400 -017.88482456
120 Linear Feature 27
111  27.81308401 -017.88485270 20
115  27.81310516 -017.88481333
120 Linear Feature 27
111  27.81306379 -017.88483992 20
115  27.81308494 -017.88480054
120 Linear Feature 27
111  27.81304529 -017.88482907 20
115  27.81306644 -017.88478969
120 Linear Feature 27
111  27.81302533 -017.88481898 20
115  27.81304648 -017.88477960
120 Linear Feature 27
111  27.81300833 -017.88481008 20
115  27.81302948 -017.88477070
120 Linear Feature 27
111  27.81299092 -017.88479976 20
115  27.81301207 -017.88476038
120 Linear Feature 27
111  27.81297102 -017.88478710 20
115  27.81299216 -017.88474773
120 Linear Feature 26
111  27.81292105 -017.88474038 20
116  27.81292480 -017.88475573  27.81291988 -017.88476552
120 Linear Feature 22
111  27.81197342 -017.88429622 20
115  27.81199591 -017.88424869
120 Linear Feature 22
111  27.81200177 -017.88431943 20
115  27.81202426 -017.88427190
120 Linear Feature 22
111  27.81203208 -017.88433933 20
115  27.81205457 -017.88429180
120 Linear Feature 22
111  27.81206239 -017.88436144 20
115  27.81208487 -017.88431391
120 Linear Feature 22
111  27.81208976 -017.88437802 20
115  27.81211225 -017.88433049
120 Linear Feature 22
111  27.81211518 -017.88439791 20
115  27.81213767 -017.88435038
120 Linear Feature 22
111  27.81214158 -017.88442002 20
115  27.81216407 -017.88437249
120 Linear Feature 21
111  27.81194369 -017.88420869 20
115  27.81189969 -017.88420538
120 Linear Feature 20
111  27.81194662 -017.88427943 20
111  27.81194369 -017.88424296 20
115  27.81189871 -017.88424075
120 Linear Feature 19
111  27.81236242 -017.88453250 20
111  27.81234281 -017.88448609 20
115  27.81233414 -017.88448145
120 Linear Feature 18
111  27.81253387 -017.88451158 20
115  27.81251467 -017.88455138
120 Linear Feature 18
111  27.81255816 -017.88452668 20
115  27.81253895 -017.88456648
120 Linear Feature 18
111  27.81223909 -017.88432386 20
115  27.81221988 -017.88436367
120 Linear Feature 18
111  27.81226513 -017.88433821 20
115  27.81224593 -017.88437801
120 Linear Feature 18
111  27.81229251 -017.88435633 20
115  27.81227330 -017.88439613
120 Linear Feature 18
111  27.81231989 -017.88437369 20
115  27.81230068 -017.88441350
120 Linear Feature 18
111  27.81234726 -017.88439181 20
115  27.81232806 -017.88443162
120 Linear Feature 18
111  27.81237064 -017.88440766 20
115  27.81235143 -017.88444747
120 Linear Feature 18
111  27.81239668 -017.88442201 20
115  27.81237747 -017.88446182
120 Linear Feature 18
111  27.81242072 -017.88443560 20
115  27.81240151 -017.88447541
120 Linear Feature 18
111  27.81244075 -017.88445221 20
115  27.81242155 -017.88449202
120 Linear Feature 18
111  27.81246479 -017.88446580 20
115  27.81244559 -017.88450561
120 Linear Feature 18
111  27.81257697 -017.88453903 20
115  27.81255777 -017.88457884
120 Linear Feature 18
111  27.81259701 -017.88455207 20
115  27.81257780 -017.88459188
120 Linear Feature 18
111  27.81261583 -017.88456443 20
115  27.81259662 -017.88460423
120 Linear Feature 18
111  27.81263768 -017.88457678 20
115  27.81261848 -017.88461659
120 Linear Feature 18
111  27.81265832 -017.88458913 20
115  27.81263912 -017.88462894
120 Linear Feature 18
111  27.81268039 -017.88460388 20
115  27.81266119 -017.88464369
120 Linear Feature 18
111  27.81269996 -017.88461579 20
115  27.81268076 -017.88465560
120 Linear Feature 18
111  27.81271903 -017.88462657 20
115  27.81269982 -017.88466638
120 Linear Feature 18
111  27.81273773 -017.88463791 20
115  27.81271852 -017.88467772
120 Linear Feature 18
111  27.81276103 -017.88465238 20
115  27.81274183 -017.88469219
120 Linear Feature 18
111  27.81278314 -017.88466809 20
115  27.81276393 -017.88470790
120 Linear Feature 18
111  27.81280624 -017.88468326 20
115  27.81278704 -017.88472307
120 Linear Feature 18
111  27.81283166 -017.88469716 20
115  27.81281245 -017.88473697
120 Linear Feature 18
111  27.81285418 -017.88471216 20
115  27.81283497 -017.88475196
120 Linear Feature 18
111  27.81287783 -017.88472576 20
115  27.81285862 -017.88476557
120 Linear Feature 18
111  27.81289982 -017.88473921 20
115  27.81288061 -017.88477902
120 Linear Feature 18
111  27.81227276 -017.88427752 20
115  27.81225356 -017.88431733
120 Linear Feature 18
111  27.81230013 -017.88429741 20
115  27.81228093 -017.88433722
120 Linear Feature 18
111  27.81233240 -017.88431842 20
115  27.81231319 -017.88435822
120 Linear Feature 18
111  27.81236466 -017.88433831 20
115  27.81234546 -017.88437812
120 Linear Feature 18
111  27.81239203 -017.88435489 20
115  27.81237283 -017.88439470
120 Linear Feature 18
111  27.81241941 -017.88437258 20
115  27.81240021 -017.88441239
120 Linear Feature 18
111  27.81244874 -017.88439248 20
115  27.81242954 -017.88443228
120 Linear Feature 18
111  27.81247905 -017.88440795 20
115  27.81245984 -017.88444776
120 Linear Feature 18
111  27.81258073 -017.88447759 20
115  27.81256152 -017.88451740
120 Linear Feature 18
111  27.81260092 -017.88449038 20
115  27.81258172 -017.88453019
120 Linear Feature 18
111  27.81261951 -017.88450134 20
115  27.81260031 -017.88454115
120 Linear Feature 18
111  27.81264698 -017.88451778 20
115  27.81262778 -017.88455759
120 Linear Feature 18
111  27.81267284 -017.88453331 20
115  27.81265363 -017.88457312
120 Linear Feature 18
111  27.81269061 -017.88454428 20
115  27.81267141 -017.88458408
120 Linear Feature 18
111  27.81271324 -017.88455889 20
115  27.81269403 -017.88459870
120 Linear Feature 18
111  27.81273586 -017.88457259 20
115  27.81271666 -017.88461240
120 Linear Feature 18
111  27.81276010 -017.88458721 20
115  27.81274090 -017.88462702
120 Linear Feature 18
111  27.81278192 -017.88460091 20
115  27.81276271 -017.88464072
120 Linear Feature 18
111  27.81280615 -017.88461644 20
115  27.81278695 -017.88465625
120 Linear Feature 18
111  27.81283039 -017.88463197 20
115  27.81281119 -017.88467178
120 Linear Feature 18
111  27.81285468 -017.88464776 20
115  27.81283547 -017.88468757
120 Linear Feature 18
111  27.81287775 -017.88466149 20
115  27.81285854 -017.88470129
120 Linear Feature 18
111  27.81290021 -017.88467453 20
115  27.81288100 -017.88471433
120 Linear Feature 18
111  27.81292145 -017.88468894 20
115  27.81290225 -017.88472875
120 Linear Feature 18
111  27.81294088 -017.88469924 20
115  27.81292168 -017.88473904
120 Linear Feature 18
111  27.81292510 -017.88475483 20
115  27.81290589 -017.88479464
120 Linear Feature 17
111  27.81251828 -017.88468797 20
115  27.81254477 -017.88462620
120 Linear Feature 16
111  27.81254643 -017.88470419 20
115  27.81257232 -017.88464541
120 Linear Feature 15
111  27.81255912 -017.88475099 20
115  27.81252104 -017.88472961
120 Linear Feature 14
111  27.81254918 -017.88477477 20
115  27.81259684 -017.88466246
120 Linear Feature 14
111  27.81257728 -017.88479008 20
115  27.81262494 -017.88467777
120 Linear Feature 14
111  27.81260236 -017.88480483 20
115  27.81265002 -017.88469252
120 Linear Feature 14
111  27.81262724 -017.88482103 20
115  27.81267490 -017.88470872
120 Linear Feature 14
111  27.81265396 -017.88483592 20
115  27.81270162 -017.88472360
120 Linear Feature 14
111  27.81268004 -017.88484953 20
115  27.81272771 -017.88473722
120 Linear Feature 14
111  27.81270362 -017.88486144 20
115  27.81275129 -017.88474913
120 Linear Feature 14
111  27.81272620 -017.88487335 20
115  27.81277386 -017.88476104
120 Linear Feature 14
111  27.81275179 -017.88488867 20
115  27.81279945 -017.88477636
120 Linear Feature 14
111  27.81277687 -017.88490285 20
115  27.81282453 -017.88479054
120 Linear Feature 14
111  27.81279744 -017.88491476 20
115  27.81284510 -017.88480245
120 Linear Feature 14
111  27.81282002 -017.88492781 20
115  27.81286768 -017.88481550
120 Linear Feature 14
111  27.81284561 -017.88494539 20
115  27.81289327 -017.88483308
120 Linear Feature 13
111  27.81234183 -017.88454529 20
115  27.81237044 -017.88452794
120 Linear Feature 13
111  27.81235438 -017.88456741 20
115  27.81238299 -017.88455007
120 Linear Feature 13
111  27.81236742 -017.88459520 20
115  27.81239603 -017.88457786
120 Linear Feature 13
111  27.81238297 -017.88462470 20
115  27.81241158 -017.88460736
120 Linear Feature 13
111  27.81239707 -017.88465142 20
115  27.81242568 -017.88463408
120 Linear Feature 13
111  27.81241075 -017.88467861 20
115  27.81243936 -017.88466126
120 Linear Feature 13
111  27.81242676 -017.88470655 20
115  27.81245537 -017.88468920
120 Linear Feature 13
111  27.81244181 -017.88473439 20
115  27.81247042 -017.88471705
120 Linear Feature 13
111  27.81245321 -017.88476121 20
115  27.81248182 -017.88474386
120 Linear Feature 13
111  27.81246553 -017.88478751 20
115  27.81249413 -017.88477016
120 Linear Feature 13
111  27.81247875 -017.88481174 20
115  27.81250736 -017.88479440
120 Linear Feature 13
111  27.81249061 -017.88483443 20
115  27.81251922 -017.88481709
120 Linear Feature 12
111  27.81251739 -017.88483242 20
115  27.81250351 -017.88486092
120 Linear Feature 12
111  27.81254197 -017.88484831 20
115  27.81252810 -017.88487680
120 Linear Feature 12
111  27.81256555 -017.88486135 20
115  27.81255167 -017.88488985
120 Linear Feature 12
111  27.81258962 -017.88487465 20
115  27.81257574 -017.88490315
120 Linear Feature 12
111  27.81261387 -017.88489030 20
115  27.81259999 -017.88491880
120 Linear Feature 12
111  27.81263859 -017.88490505 20
115  27.81262471 -017.88493355
120 Linear Feature 12
111  27.81266204 -017.88492040 20
115  27.81264816 -017.88494889
120 Linear Feature 12
111  27.81268451 -017.88493534 20
115  27.81267063 -017.88496384
120 Linear Feature 12
111  27.81270595 -017.88494728 20
115  27.81269207 -017.88497578
120 Linear Feature 12
111  27.81272954 -017.88496101 20
115  27.81271566 -017.88498951
120 Linear Feature 12
111  27.81275361 -017.88497606 20
115  27.81273973 -017.88500456
120 Linear Feature 12
111  27.81277200 -017.88498891 20
115  27.81275812 -017.88501741
120 Linear Feature 12
111  27.81279029 -017.88499773 20
115  27.81277642 -017.88502622
120 Linear Feature 12
111  27.81280955 -017.88501106 20
115  27.81279567 -017.88503955
120 Linear Feature 12
111  27.81282689 -017.88502175 20
115  27.81281302 -017.88505024
120 Linear Feature 11
111  27.81284427 -017.88506960 20
111  27.81284314 -017.88503246 20
115  27.81283039 -017.88506031
120 Linear Feature 10
111  27.81285985 -017.88504110 20
115  27.81286296 -017.88508177
120 Linear Feature 9
111  27.81289275 -017.88506032 20
115  27.81285970 -017.88504097
120 Linear Feature 9
111  27.81290188 -017.88503969 20
115  27.81286882 -017.88502034
120 Linear Feature 9
111  27.81291349 -017.88501250 20
115  27.81288043 -017.88499315
120 Linear Feature 9
111  27.81292385 -017.88498719 20
115  27.81289080 -017.88496784
120 Linear Feature 9
111  27.81293505 -017.88496141 20
115  27.81290199 -017.88494205
120 Linear Feature 9
111  27.81294624 -017.88493562 20
115  27.81291319 -017.88491627
120 Linear Feature 9
111  27.81295661 -017.88491078 20
115  27.81292355 -017.88489143
120 Linear Feature 9
111  27.81296780 -017.88488781 20
115  27.81293475 -017.88486845
120 Linear Feature 9
111  27.81297858 -017.88486249 20
115  27.81294553 -017.88484314
120 Linear Feature 9
111  27.81299019 -017.88483671 20
115  27.81295714 -017.88481736
120 Linear Feature 7
111  27.81286849 -017.88489125 20
115  27.81250381 -017.88468013
120 Linear Feature 6
111  27.81246523 -017.88446618 20
115  27.81222958 -017.88431705
120 Linear Feature 24
111  27.81246138 -017.88445278 20
116  27.81246491 -017.88446563  27.81246104 -017.88447372
120 Linear Feature 25
111  27.81224217 -017.88431357 20
116  27.81222979 -017.88431772  27.81222573 -017.88432625
120 Linear Feature 5
111  27.81246147 -017.88445279 20
115  27.81224198 -017.88431351
120 Linear Feature 4
111  27.81292477 -017.88475524 20
115  27.81253310 -017.88451166
120 Linear Feature 23
111  27.81254712 -017.88450924 20
116  27.81253358 -017.88451252  27.81252932 -017.88452126
120 Linear Feature 3
111  27.81292110 -017.88474022 20
115  27.81254645 -017.88450898
120 Linear Feature 2
111  27.81300206 -017.88480728 20
115  27.81297017 -017.88478798
120 Linear Feature 1
111  27.81311500 -017.88487502 20
111  27.81311641 -017.88487184 20
111  27.81300360 -017.88480516 20
111  27.81300243 -017.88480622 20
115  27.81297063 -017.88478731
120 Linear Feature 6
111  27.81346161 -017.88507300 1
111  27.81346573 -017.88506335 1
111  27.81342393 -017.88504039 1
113  27.81341937 -017.88504920 1
120 Linear Feature 6
111  27.81333934 -017.88499941 20
115  27.81311454 -017.88487517
120 Linear Feature 5
111  27.81345419 -017.88486197 1
115  27.81340952 -017.88496253
120 Linear Feature 3
111  27.81350626 -017.88507422 1
115  27.81352232 -017.88503852
120 Linear Feature 2
111  27.81441444 -017.88522663 1
111  27.81440818 -017.88517946 1
111  27.81437428 -017.88520128 1
111  27.81437741 -017.88515646 1
111  27.81434299 -017.88517474 1
111  27.81434404 -017.88514644 1
111  27.81431744 -017.88516000 1
111  27.81431327 -017.88512816 1
111  27.81428511 -017.88514231 1
111  27.81426394 -017.88510981 1
111  27.81423812 -017.88512093 1
111  27.81424058 -017.88509452 1
111  27.81420614 -017.88510286 1
111  27.81420737 -017.88507644 1
111  27.81418155 -017.88508478 1
111  27.81417663 -017.88505142 1
111  27.81414835 -017.88506393 1
111  27.81414097 -017.88501805 1
111  27.81411392 -017.88504168 1
111  27.81410039 -017.88499997 1
111  27.81407088 -017.88501388 1
111  27.81405489 -017.88497773 1
111  27.81401555 -017.88499441 1
111  27.81401555 -017.88495688 1
111  27.81397865 -017.88497356 1
111  27.81397128 -017.88493602 1
111  27.81394053 -017.88494714 1
111  27.81393439 -017.88490961 1
111  27.81389504 -017.88492768 1
111  27.81388520 -017.88489431 1
111  27.81385815 -017.88491378 1
111  27.81385200 -017.88487624 1
111  27.81382494 -017.88488875 1
111  27.81382248 -017.88485260 1
111  27.81379666 -017.88486790 1
111  27.81379420 -017.88483314 1
111  27.81375977 -017.88484843 1
111  27.81374086 -017.88484575 1
115  27.81371325 -017.88485862
120 Linear Feature 25
112  27.81465285 -017.88532928  27.81466460 -017.88530721 20
112  27.81463952 -017.88524855  27.81461629 -017.88522910 20
112  27.81456812 -017.88526484  27.81455092 -017.88529329 20
114  27.81458425 -017.88534776  27.81460339 -017.88536332 20
120 Linear Feature 24
111  27.81465159 -017.88532878 1
112  27.81463699 -017.88525096  27.81460464 -017.88522183 1
112  27.81457001 -017.88526682  27.81456514 -017.88527426 1
112  27.81458346 -017.88534416  27.81461208 -017.88536714 1
114  27.81464901 -017.88533251  27.81465086 -017.88533058 1
120 Linear Feature 23
111  27.81450636 -017.88542891 1
111  27.81450859 -017.88539863 1
111  27.81449019 -017.88541692 1
111  27.81449298 -017.88538413 1
111  27.81446620 -017.88539674 1
111  27.81447066 -017.88536899 1
111  27.81444333 -017.88537971 1
115  27.81444500 -017.88535007
120 Linear Feature 22
111  27.81450529 -017.88543027 1
111  27.81442704 -017.88537822 1
111  27.81447092 -017.88528155 1
112  27.81446341 -017.88525358  27.81445170 -017.88524664 1
115  27.81441433 -017.88522583
120 Linear Feature 21
111  27.81450428 -017.88543491 20
115  27.81441589 -017.88537503
120 Linear Feature 20
111  27.81457667 -017.88547713 20
115  27.81454094 -017.88545500
120 Linear Feature 19
111  27.81467763 -017.88551934 1
111  27.81457553 -017.88546205 1
116  27.81456219 -017.88546722  27.81455914 -017.88547411
120 Linear Feature 18
112  27.81477848 -017.88528689  27.81477848 -017.88529071 1
115  27.81470829 -017.88544104
120 Linear Feature 17
111  27.81468721 -017.88550023 20
115  27.81467690 -017.88552256
120 Linear Feature 14
111  27.81470923 -017.88545660 20
111  27.81480311 -017.88524479 20
115  27.81477084 -017.88522394
120 Linear Feature 16
111  27.81478539 -017.88528322 20
115  27.81477504 -017.88527773
120 Linear Feature 15
111  27.81476155 -017.88527052 20
111  27.81474655 -017.88526189 20
111  27.81476562 -017.88522261 20
115  27.81477079 -017.88522462
120 Linear Feature 9
111  27.81327283 -017.88454788 22
112  27.81300168 -017.88439887  27.81298135 -017.88439076 22
116  27.81287015 -017.88435291  27.81285102 -017.88434750
120 Linear Feature 8
111  27.81343297 -017.88464694 20
115  27.81327204 -017.88454771
120 Linear Feature 4
111  27.81334153 -017.88462860 20
111  27.81308844 -017.88447797 20
111  27.81293388 -017.88438783 20
111  27.81285956 -017.88435459 20
111  27.81277952 -017.88432596 20
111  27.81260938 -017.88427665 20
111  27.81244318 -017.88423907 20
111  27.81229803 -017.88421593 20
115  27.81189990 -017.88416297
120 Taxi Edge 16
112  27.81977716 -017.89010070  27.81969222 -017.89020893 3 102
112  27.81944841 -017.89018552  27.81932202 -017.89012289
111  27.81944841 -017.89018552
112  27.81944841 -017.89018552  27.81934799 -017.89012311 3 102
112  27.81929802 -017.88995304  27.81927032 -017.88985129 3 102
116  27.81910299 -017.88970680  27.81902060 -017.88965170
120 Taxi RWY16
111  27.81948193 -017.88976270 1 101
111  27.81962276 -017.88984653 1 101
112  27.81967179 -017.89002645  27.81963340 -017.89014610 1 101
112  27.81942585 -017.89004459  27.81935649 -017.88995106
111  27.81942585 -017.89004459
112  27.81942585 -017.89004459  27.81939544 -017.88996757 1 101
112  27.81923709 -017.88962648  27.81915730 -017.88957274
111  27.81923709 -017.88962648
112  27.81923709 -017.88962648  27.81913689 -017.88956786 1 101
115  27.81871130 -017.88932002
120 Taxi Edge 34
112  27.81039819 -017.88463456  27.81036201 -017.88461216 3 102
112  27.81017911 -017.88462323  27.81007027 -017.88466143 3 102
112  27.80993620 -017.88463179  27.80988869 -017.88460791
111  27.80993620 -017.88463179
112  27.80993620 -017.88463179  27.80980184 -017.88456105 3 102
116  27.80979537 -017.88428294  27.80982449 -017.88421661
120 Taxi RWY34
111  27.81103643 -017.88484564 1 101
112  27.81048037 -017.88452138  27.81041307 -017.88448294
111  27.81048037 -017.88452138
112  27.81048037 -017.88452138  27.81045912 -017.88451025 1 101
112  27.81011961 -017.88452999  27.80987179 -017.88458932
111  27.81011961 -017.88452999
112  27.81011961 -017.88452999  27.81000240 -017.88457840 1 101
112  27.80988296 -017.88442376  27.80986096 -017.88432106 1 101
112  27.81003688 -017.88425634  27.81011874 -017.88429656
111  27.81003688 -017.88425634
112  27.81003688 -017.88425634  27.81007773 -017.88427804 1 101
115  27.81019743 -017.88434762
120 Blanca terminal
111  27.81478939 -017.88591771 20
115  27.81329708 -017.88503766
120 Taxi Edge AB
112  27.81343086 -017.88593491  27.81346730 -017.88585585
111  27.81343086 -017.88593491
112  27.81343086 -017.88593491  27.81349163 -017.88579902 3 102
111  27.81352860 -017.88572145 3 102
112  27.81349056 -017.88557703  27.81342662 -017.88552646
111  27.81349056 -017.88557703
112  27.81349056 -017.88557703  27.81336892 -017.88550661 3 102
111  27.81333849 -017.88548225 3 102
112  27.81303920 -017.88558476  27.81283881 -017.88565718
111  27.81303920 -017.88558476
112  27.81303920 -017.88558476  27.81292962 -017.88577853 3 102
112  27.81303240 -017.88583358  27.81303926 -017.88584481
111  27.81303240 -017.88583358
112  27.81303240 -017.88583358  27.81327157 -017.88597243 3 102
113  27.81329583 -017.88598758 3 102
120 Taxi Edge BC
112  27.81397056 -017.88626403  27.81402004 -017.88619064
111  27.81397056 -017.88626403
112  27.81397056 -017.88626403  27.81402550 -017.88614052 3 102
111  27.81406878 -017.88605279 3 102
112  27.81403312 -017.88589415  27.81396415 -017.88581740
111  27.81403312 -017.88589415
112  27.81403312 -017.88589415  27.81392194 -017.88582545 3 102
111  27.81387019 -017.88579757 3 102
112  27.81355996 -017.88590576  27.81353087 -017.88591818
111  27.81355996 -017.88590576
112  27.81355996 -017.88590576  27.81345588 -017.88609215 3 102
112  27.81356924 -017.88614688  27.81358158 -017.88616843
111  27.81356924 -017.88614688
112  27.81356924 -017.88614688  27.81377414 -017.88626381 3 102
113  27.81384182 -017.88630671 3 102
120 Taxi Edge CD
112  27.81438271 -017.88647150  27.81442864 -017.88639367
111  27.81438271 -017.88647150
112  27.81438271 -017.88647150  27.81444207 -017.88634303 3 102
111  27.81446847 -017.88628356 3 102
112  27.81442757 -017.88612715  27.81435453 -017.88606064
111  27.81442757 -017.88612715
112  27.81442757 -017.88612715  27.81434095 -017.88607672 3 102
111  27.81429731 -017.88605259 3 102
112  27.81416848 -017.88609849  27.81410118 -017.88617882
111  27.81416848 -017.88609849
112  27.81416848 -017.88609849  27.81409978 -017.88624150 3 102
112  27.81406044 -017.88632728  27.81400201 -017.88645294
111  27.81406044 -017.88632728
112  27.81406044 -017.88632728  27.81405133 -017.88641291 3 102
112  27.81410664 -017.88646268  27.81412134 -017.88647730
111  27.81410664 -017.88646268
112  27.81410664 -017.88646268  27.81417156 -017.88649932 3 102
113  27.81423070 -017.88653350 3 102
120 Taxi Parking
112  27.81462571 -017.88610400  27.81465137 -017.88604614
111  27.81462571 -017.88610400
112  27.81462571 -017.88610400  27.81463850 -017.88604731 1 101
111  27.81459321 -017.88601918 1 101
112  27.81440412 -017.88590697  27.81434836 -017.88587742
111  27.81440412 -017.88590697
112  27.81440412 -017.88590697  27.81424156 -017.88582482 1 101
111  27.81416118 -017.88598090 1 101
112  27.81409445 -017.88572490  27.81397398 -017.88563877
111  27.81409445 -017.88572490
112  27.81409445 -017.88572490  27.81403781 -017.88569057 1 101
112  27.81386803 -017.88559065  27.81371915 -017.88550111 1 101
111  27.81361620 -017.88566234 1 101
112  27.81355149 -017.88540839  27.81343612 -017.88533032 1 101
112  27.81331648 -017.88526759  27.81316666 -017.88517987 1 101
111  27.81307161 -017.88533149 1 101
112  27.81291293 -017.88568233  27.81282246 -017.88588689
111  27.81291293 -017.88568233
112  27.81291293 -017.88568233  27.81284340 -017.88587037 1 101
111  27.81298718 -017.88596680 1 101
111  27.81323991 -017.88611340 1 101
112  27.81345584 -017.88600403  27.81353010 -017.88586409
111  27.81345584 -017.88600403
112  27.81345584 -017.88600403  27.81340138 -017.88617014 1 101
112  27.81357605 -017.88630951  27.81364606 -017.88636247
111  27.81357605 -017.88630951
112  27.81357605 -017.88630951  27.81366614 -017.88636131 1 101
112  27.81378174 -017.88642815  27.81381495 -017.88644739
111  27.81378174 -017.88642815
112  27.81378174 -017.88642815  27.81379642 -017.88644157 1 101
112  27.81400193 -017.88632694  27.81409897 -017.88617957
111  27.81400193 -017.88632694
112  27.81400193 -017.88632694  27.81394242 -017.88650108 1 101
112  27.81407643 -017.88660181  27.81410218 -017.88663732
111  27.81407643 -017.88660181
112  27.81407643 -017.88660181  27.81414305 -017.88664326 1 101
112  27.81421832 -017.88668356  27.81429359 -017.88672386
111  27.81421832 -017.88668356
112  27.81421832 -017.88668356  27.81431227 -017.88672400 1 101
113  27.81441346 -017.88657038 1 101
120 Taxi extra D
112  27.81448270 -017.88595190  27.81452789 -017.88596468 1 101
112  27.81462576 -017.88597321  27.81466560 -017.88600324 1 101
111  27.81464663 -017.88605940 1 101
115  27.81462571 -017.88610400
120 Taxiway D
111  27.81441346 -017.88657038 1 101
112  27.81447880 -017.88683553  27.81460484 -017.88694740
111  27.81447880 -017.88683553
112  27.81447880 -017.88683553  27.81460881 -017.88691177 1 101
115  27.81499160 -017.88713525
120 Taxiway C
111  27.81416118 -017.88598090 1 101
115  27.81400193 -017.88632694
120 Taxiway B
111  27.81345584 -017.88600403 1 101
115  27.81361620 -017.88566234
120 Taxiway A
111  27.81214939 -017.88547823 1 101
112  27.81262628 -017.88575689  27.81277184 -017.88584331
111  27.81262628 -017.88575689
112  27.81262628 -017.88575689  27.81284435 -017.88585906 1 101
115  27.81291293 -017.88568233
120 Parking Edge N
111  27.81478939 -017.88591448 3 102
112  27.81450627 -017.88653788  27.81446265 -017.88663524 3 102
115  27.81455135 -017.88672042
120 Parking Edge S
111  27.81276243 -017.88567635 3 102
112  27.81285262 -017.88563334  27.81288211 -017.88557149
111  27.81285262 -017.88563334
112  27.81285262 -017.88563334  27.81288682 -017.88555907 3 102
111  27.81308932 -017.88511290 3 102
115  27.81329582 -017.88504369
120 Linear Feature 5
111  27.81367575 -017.88548197 1
115  27.81359747 -017.88543601
120 Linear Feature 4
111  27.81378190 -017.88554325 1
115  27.81370361 -017.88549814
120 Linear Feature 3
111  27.81420721 -017.88579177 1
115  27.81413042 -017.88574751
120 Linear Feature 2
111  27.81431485 -017.88585475 1
115  27.81423506 -017.88580879
120 Taxi Hold A
111  27.81292838 -017.88546809 4 103
115  27.81309556 -017.88556461
120 Taxi Hold B
111  27.81348940 -017.88580643 4 103
115  27.81362172 -017.88588352
120 Taxi Hold C
111  27.81403450 -017.88612468 4 103
115  27.81412880 -017.88618106
120 Taxi Hold D
111  27.81443436 -017.88635963 4 103
115  27.81455519 -017.88642922
120 Linea puesto 1
111  27.81332592 -017.88525164 1
115  27.81334861 -017.88520150
120 Linea puesto 1 cen
111  27.81330231 -017.88529321 1
115  27.81332591 -017.88524205
120 Linea puesto 1A
111  27.81346563 -017.88544621 1
115  27.81349216 -017.88539057
120 Linea puesto 1A cen
111  27.81349071 -017.88540203 1
115  27.81351431 -017.88535086
120 Linea puesto 2
111  27.81389684 -017.88558642 1
115  27.81392089 -017.88553396
120 Linea puesto 2 cen
111  27.81387425 -017.88562529 1
115  27.81389751 -017.88557644
120 Linea puesto 2A
111  27.81403689 -017.88578061 1
115  27.81406411 -017.88572573
120 Linea puesto 2A cen
111  27.81406231 -017.88573719 1
115  27.81408659 -017.88568603
120 Linea puesto 3
111  27.81440607 -017.88588644 1
115  27.81443183 -017.88583244
120 Linea puesto 3 cen
111  27.81438281 -017.88592724 1
115  27.81440743 -017.88587415
120 Linea puesto 3A
111  27.81453112 -017.88607253 1
115  27.81455697 -017.88601882
120 Linea puesto 3A cen
111  27.81455552 -017.88603105 1
115  27.81458048 -017.88597795
120 Blanca 1
111  27.81454607 -017.88598001 22
115  27.81461847 -017.88581609
120 Blanca 2
111  27.81435625 -017.88587323 22
115  27.81443519 -017.88570751
120 Blanca 3
111  27.81411428 -017.88572713 22
115  27.81419017 -017.88556437
120 Blanca 4
111  27.81385624 -017.88557573 22
115  27.81393151 -017.88541331
120 Blanca 5
111  27.81354481 -017.88539391 22
115  27.81361940 -017.88523118
120 Blanca 6
111  27.81328573 -017.88524375 22
115  27.81336275 -017.88508283
21  27.81889099 -017.88898380 3 152.0000 3.00 PAPI 16R
21  27.81857729 -017.88966228 2 152.0000 3.00 PAPI 16L
21  27.81096550 -017.88524119 2 332.7000 3.00 PAPI 34L
21  27.81129199 -017.88453373 3 332.7000 3.00 PAPI 34R
20  27.81467075 -017.88648877 242.7000 0 3 {@R}34-16{@L}D
20  27.81465879 -017.88649809 63.7200 0 2 {@L}D
20  27.81481324 -017.88670681 152.7000 0 2 {@Y}{^l}D
20  27.81432541 -017.88628815 242.7000 0 3 {@L}D{@R}34-16
20  27.81424883 -017.88624188 242.7000 0 3 {@R}34-16{@L}C
20  27.81423688 -017.88625100 63.7200 0 2 {@L}C
20  27.81424969 -017.88637444 152.7000 0 2 {@Y}{^l}C
20  27.81422589 -017.88635985 332.7000 0 2 {@Y}D{^r}
20  27.81392491 -017.88605284 242.7000 0 3 {@L}C{@R}34-16
20  27.81375742 -017.88595498 242.7000 0 3 {@R}34-16{@L}B
20  27.81375689 -017.88596901 63.7200 0 2 {@L}B
20  27.81384511 -017.88613598 152.7000 0 2 {@Y}{^l}B
20  27.81368547 -017.88604216 332.7000 0 2 {@Y}C{^r}
20  27.81334840 -017.88571392 242.7000 0 3 {@L}B{@R}34-16
20  27.81321619 -017.88563725 242.7000 0 3 {@R}34-16{@L}A
20  27.81321525 -017.88565027 63.7200 0 2 {@L}A
20  27.81331227 -017.88582630 152.7000 0 2 {@Y}{^l}A
20  27.81314825 -017.88572718 332.7000 0 2 {@Y}B{^r}
20  27.81277574 -017.88537944 242.7000 0 3 {@L}A{@R}34-16
20  27.81257727 -017.88539677 332.7000 0 2 {@Y}A{^r}
14  27.81301257 -017.88678597  39.37 0 Torre viewpoint
1300  27.81331455 -017.88526667 153.00 misc jets|turboprops|props 1
1301 C none 
1300  27.81388575 -017.88560100 153.00 misc jets|turboprops|props 2
1301 C none 
1300  27.81439492 -017.88590079 153.00 misc jets|turboprops|props 3
1301 C none 
1300  27.81350183 -017.88537546 333.00 misc jets|turboprops|props 1A
1301 C none 
1300  27.81407366 -017.88571189 333.00 misc jets|turboprops|props 2A
1301 C none 
1300  27.81456817 -017.88600354 333.00 misc jets|turboprops|props 3A
1301 C none 
19  27.81772940 -017.88951514 0 Manga 16
19  27.81116286 -017.88564946 0 Manga 34
54 11810 GCHI TWR
55 12610 GCHI APP
1000 Flujo calma
1001 GCHI 000 359 5
1002 GCHI 0
1003 GCHI 0.0
1004 0700 1800
1101 34 right
1100 34  11810 arrivals|departures jets|turboprops|props 000000 010070 Runway 34
1000 Flujo 34
1001 GCHI 250 069 99
1002 GCHI 0
1003 GCHI 0.0
1004 0700 1800
1101 34 right
1100 34  11810 arrivals|departures jets|turboprops|props 000000 010070 Runway 34
1000 Flujo 16
1001 GCHI 070 249 99
1002 GCHI 0
1003 GCHI 0.0
1004 0700 1800
1101 16 left
1100 16  11810 arrivals|departures jets|turboprops|props 000000 070130 Runway 16
1200 
1201  27.81956040 -017.88980243 both 0 RS_stop
1201  27.81012233 -017.88429674 both 1 RS_start
1201  27.81282559 -017.88587259 both 2 RS_start(split)
1201  27.81336575 -017.88618717 both 3 RS_start(split)(split)
1201  27.81391641 -017.88650848 both 4 RS_start(split)(split)(split)
1201  27.81433146 -017.88675047 both 5 RS_start(split)(split)(split)(split)
1201  27.81353560 -017.88583322 both 6 RS_stop
1201  27.81408190 -017.88615310 both 7 RS_stop
1201  27.81423506 -017.88580879 both 8 RS_stop
1201  27.81413042 -017.88574751 both 9 RS_stop
1201  27.81326028 -017.88523294 both 10 RS_stop
1201  27.81369299 -017.88549341 both 11 RS_stop(split)
1201  27.81307843 -017.88531329 both 12 RS_stop
1201  27.81299206 -017.88550480 both 13 A_start
1201  27.81449446 -017.88639405 both 14 D_stop
1201  27.81464899 -017.88605018 both 15 *_stop
1202 11 6 twoway taxiway_E *
1202 8 7 twoway taxiway_E *
1202 9 8 twoway taxiway_E *
1202 10 11 twoway taxiway_E *
1202 11 9 twoway taxiway_E *
1202 12 10 twoway taxiway_E *
1202 15 8 twoway taxiway_E *
1202 14 15 twoway taxiway_E *
1202 13 12 twoway taxiway_E *
1202 5 14 twoway taxiway_E D
1204 departure 16,34
1204 arrival 16,34
1202 7 4 twoway taxiway_E C
1204 departure 16,34
1204 arrival 16,34
1202 6 3 twoway taxiway_E B
1204 departure 16,34
1204 arrival 16,34
1202 13 2 twoway taxiway_E A
1204 departure 16,34
1204 arrival 16,34
1202 1 2 twoway runway 16/34
1204 departure 16,34
1204 arrival 16,34
1204 ils 16,34
1202 2 3 twoway runway 16/34
1204 departure 16,34
1204 arrival 16,34
1204 ils 16,34
1202 3 4 twoway runway 16/34
1204 departure 16,34
1204 arrival 16,34
1204 ils 16,34
1202 4 5 twoway runway 16/34
1204 departure 16,34
1204 arrival 16,34
1204 ils 16,34
1202 5 0 twoway runway 16/34
1204 departure 16,34
1204 arrival 16,34
1204 ils 16,34
99
