I
1000 Generated by WorldEditor

1    208 1 0 GCTS Tenerife Sur
100 45.11 1 1 0.00 1 2 1 08  28.03920303 -016.58763669    0  182 3 4 1 1 26  28.04974697 -016.55733931    0    0 3 4 1 1
102 H3  28.05046745 -016.56301135 339.12 10.70 10.40 2 0 0 0.00 1
102 H1  28.05061506 -016.56252723  70.09 26.60 25.70 2 0 0 0.00 1
110 1 0.00 0.0000 New Taxiway 1
111  28.04573724 -016.58216731
111  28.04916190 -016.57208666
112  28.04965661 -016.57229430  28.04972759 -016.57232647
111  28.04976309 -016.57246321
111  28.04964490 -016.57297966
111  28.04750526 -016.57986627
111  28.04726848 -016.57975819
111  28.04678458 -016.58130975
111  28.04644077 -016.58116991
113  28.04607051 -016.58232358
110 1 0.00 770.0000 New Taxiway 1
111  28.05045416 -016.56143873
112  28.05047384 -016.56153153  28.05048846 -016.56156977
111  28.05050934 -016.56158500
111  28.05063949 -016.56164159
111  28.05061527 -016.56171533
112  28.05051993 -016.56166388  28.05050933 -016.56166217
112  28.05044577 -016.56166139  28.05039886 -016.56166996
113  28.05036859 -016.56170675
110 1 0.00 70.0000 New Taxiway 2
111  28.04459581 -016.58704659
111  28.04455734 -016.58709367
111  28.04345237 -016.58658626
111  28.04353701 -016.58636656
111  28.04360173 -016.58616957
111  28.04376621 -016.58570638
111  28.04380699 -016.58563045
111  28.04384877 -016.58557616
111  28.04389479 -016.58553818
111  28.04462873 -016.58520096
111  28.04468528 -016.58517873
111  28.04471685 -016.58513661
111  28.04490408 -016.58462472
113  28.04535850 -016.58483233
110 1 0.00 70.0000 New Taxiway 1
111  28.04605966 -016.58280869
111  28.04564144 -016.58400847
111  28.04516405 -016.58379992
111  28.04574850 -016.58215552
113  28.04608517 -016.58231793
110 2 0.00 68.5000 APRON TERM
111  28.04406429 -016.58528543
111  28.04372339 -016.58515178
111  28.04334612 -016.58623467
111  28.04217744 -016.58566943
111  28.04719914 -016.57116602
111  28.04907110 -016.57198440
111  28.04541530 -016.58246575
111  28.04550105 -016.58253127
113  28.04462112 -016.58505390
110 2 0.00 70.0000 Taxiway 2
111  28.04190148 -016.58589953 53
112  28.04167726 -016.58686589  28.04166274 -016.58692072 53
112  28.04171735 -016.58710678  28.04174639 -016.58717258 53
112  28.04205887 -016.58775327  28.04208013 -016.58779846 53
112  28.04209353 -016.58808535  28.04204675 -016.58821030 53
112  28.04133386 -016.59035170  28.04117886 -016.59080445 53
112  28.04027063 -016.59063911  28.03992724 -016.59038787 53
112  28.03951494 -016.58989996  28.03939295 -016.58974434 53
111  28.03922767 -016.58949331
111  28.03915103 -016.58962777 102
112  28.03904202 -016.58947053  28.03900835 -016.58941901 102
111  28.03893880 -016.58926348
111  28.03887159 -016.58946984
111  28.03832976 -016.58922700
111  28.03892141 -016.58750518
111  28.03939620 -016.58772195
111  28.03949022 -016.58817395 102
111  28.03939496 -016.58817171 102
112  28.03936530 -016.58866545  28.03941215 -016.58881851 102
111  28.03951164 -016.58899392
111  28.03942144 -016.58915338 53
112  28.03958697 -016.58935574  28.03964237 -016.58940879 53
112  28.03992044 -016.58969722  28.03998273 -016.58974210 53
112  28.04019831 -016.58960663  28.04029336 -016.58943236 53
112  28.04040449 -016.58921262  28.04043643 -016.58914276 53
112  28.04034163 -016.58903719  28.04031758 -016.58902016 53
111  28.04010041 -016.58884185
111  28.04014696 -016.58878129
112  28.04054434 -016.58885322  28.04069133 -016.58883407
114  28.04106229 -016.58836847  28.04120330 -016.58796060
110 1 0.00 70.0000 Taxiway 1
112  28.04226309 -016.58572262  28.04220718 -016.58569689 102
112  28.04197595 -016.58602683  28.04191974 -016.58622821 102
112  28.04175823 -016.58690362  28.04174273 -016.58697518 102
112  28.04214147 -016.58772077  28.04222659 -016.58789652 102
112  28.04218528 -016.58815834  28.04212653 -016.58832603 102
112  28.04142263 -016.59041635  28.04128310 -016.59083730 102
112  28.04030747 -016.59087296  28.03982394 -016.59056121 102
112  28.03949005 -016.59010817  28.03937099 -016.58996100 102
111  28.03915149 -016.58962764
111  28.03951134 -016.58899351 102
112  28.03968408 -016.58921733  28.03974812 -016.58929225 102
112  28.03996719 -016.58952104  28.04003601 -016.58956087 102
112  28.04010178 -016.58942462  28.04016219 -016.58932774 102
112  28.04021640 -016.58923301  28.04025894 -016.58915045 102
112  28.04005027 -016.58899367  28.03993284 -016.58888059 102
112  28.03969533 -016.58852137  28.03955437 -016.58832265 102
111  28.03949030 -016.58817442
111  28.03939120 -016.58771973
111  28.04038170 -016.58487838
112  28.04025229 -016.58540783  28.04021006 -016.58560102 102
112  28.04017722 -016.58635482  28.04023530 -016.58684834 102
112  28.04029885 -016.58728528  28.04031412 -016.58735864 102
112  28.04037345 -016.58747380  28.04042185 -016.58749573 102
112  28.04064648 -016.58759867  28.04067920 -016.58761203 102
112  28.04082279 -016.58750268  28.04087527 -016.58740311 102
112  28.04128050 -016.58647955  28.04133757 -016.58631146 102
112  28.04244142 -016.58312550  28.04250401 -016.58294373 102
112  28.04255567 -016.58239784  28.04256163 -016.58220424 102
112  28.04272950 -016.57873793  28.04274390 -016.57848721 102
111  28.04254723 -016.57867852
111  28.04363766 -016.57562173 102
112  28.04343815 -016.57637484  28.04339169 -016.57655809 102
112  28.04326921 -016.57728866  28.04325679 -016.57762027 102
112  28.04310326 -016.58064796  28.04309424 -016.58080171 102
112  28.04320140 -016.58075202  28.04325342 -016.58063169 102
112  28.04356203 -016.57986673  28.04363208 -016.57965787 102
112  28.04745472 -016.56860333  28.04755456 -016.56829468 102
112  28.04705182 -016.56846436  28.04675547 -016.56882659 102
112  28.04605589 -016.56981576  28.04587811 -016.57004420 102
112  28.04532637 -016.57098497  28.04527615 -016.57108461 102
111  28.04494429 -016.57177298
111  28.04621912 -016.56810794 102
112  28.04626694 -016.56838594  28.04631409 -016.56848211 102
112  28.04658907 -016.56840099  28.04676030 -016.56818471 102
112  28.04807197 -016.56649803  28.04820004 -016.56631867 102
112  28.04832251 -016.56609008  28.04837910 -016.56594047 102
112  28.04883087 -016.56462951  28.04889318 -016.56445044 102
112  28.04896819 -016.56405844  28.04897298 -016.56402583 102
112  28.04892683 -016.56401648  28.04889130 -016.56403932 102
112  28.04853789 -016.56430948  28.04844556 -016.56440883 102
112  28.04769948 -016.56524170  28.04752898 -016.56544690 102
112  28.04707328 -016.56615811  28.04695935 -016.56638124 102
111  28.04669152 -016.56694416
111  28.04741501 -016.56467061 102
112  28.04753511 -016.56476107  28.04775143 -016.56452769 102
112  28.04945110 -016.56267383  28.04948228 -016.56262967 102
112  28.04963799 -016.56235711  28.04970570 -016.56216363 102
112  28.05047510 -016.55997894  28.05052187 -016.55984743 102
112  28.05050256 -016.55964533  28.05049763 -016.55947296 102
112  28.05048409 -016.55906536  28.05047998 -016.55898546 102
112  28.05037800 -016.55886243  28.05030992 -016.55883873 102
112  28.04997598 -016.55870395  28.04986881 -016.55866598 102
112  28.04953979 -016.55890740  28.04942107 -016.55906720 102
111  28.04925401 -016.55938140
111  28.04993432 -016.55742773
111  28.04955534 -016.55725829
111  28.04975447 -016.55667298
111  28.05013077 -016.55684692
111  28.04999446 -016.55725131 102
112  28.05056747 -016.55709103  28.05088574 -016.55699356 102
112  28.05156143 -016.55828231  28.05112757 -016.55953265 102
111  28.05024852 -016.56207166
111  28.05084266 -016.56233026
111  28.05079562 -016.56246812
111  28.05020279 -016.56220784 102
112  28.04766693 -016.56954239  28.04763168 -016.56965475 102
112  28.04757161 -016.56995595  28.04765557 -016.57003959
112  28.04950196 -016.57066559  28.04957105 -016.57069443
112  28.04957161 -016.57092072  28.04953888 -016.57101961
111  28.04523180 -016.58370021
111  28.04568223 -016.58390406
111  28.04535850 -016.58483233
111  28.04490635 -016.58463151
112  28.04474554 -016.58510123  28.04473072 -016.58514207
112  28.04466668 -016.58520096  28.04462701 -016.58522344
112  28.04391589 -016.58553411  28.04379589 -016.58559591
112  28.04372674 -016.58582955  28.04368310 -016.58594903
112  28.04353301 -016.58637753  28.04348937 -016.58649289
112  28.04328939 -016.58646377  28.04318393 -016.58642257
112  28.04269436 -016.58621317  28.04261930 -016.58617820
112  28.04262594 -016.58609736  28.04264174 -016.58604947
113  28.04269010 -016.58590898 102
111  28.05109614 -016.55837043 102
112  28.05122874 -016.55790863  28.05127834 -016.55776136 102
112  28.05100424 -016.55751345  28.05084297 -016.55741349 102
112  28.05046611 -016.55767235  28.05035204 -016.55772639 102
112  28.05011133 -016.55795397  28.05002337 -016.55802553 102
111  28.04998485 -016.55812422 102
112  28.05053620 -016.55833976  28.05063055 -016.55838061 102
114  28.05085469 -016.55856013  28.05097081 -016.55862570 102
112  28.04059184 -016.58814030  28.04056050 -016.58812741 102
112  28.04014802 -016.58794094  28.04000134 -016.58787691 102
112  28.03984670 -016.58754616  28.03979914 -016.58749228 102
112  28.03981208 -016.58769163  28.03983522 -016.58777777 102
112  28.03997960 -016.58816901  28.04003249 -016.58828887 102
112  28.04028506 -016.58843128  28.04051564 -016.58853638 102
114  28.04070235 -016.58826969  28.04072565 -016.58818519 102
111  28.04810370 -016.57130747
111  28.04788460 -016.57121307
111  28.04790091 -016.57116563
112  28.04786835 -016.57116104  28.04784443 -016.57117003
112  28.04784135 -016.57123582  28.04783510 -016.57128301
112  28.04791891 -016.57137489  28.04797135 -016.57139945
113  28.04805376 -016.57143960
111  28.04754936 -016.57106548
112  28.04757320 -016.57098707  28.04758554 -016.57095212
112  28.04751469 -016.57094859  28.04750326 -016.57097937
112  28.04747443 -016.57106434  28.04744904 -016.57113846
112  28.04755812 -016.57124243  28.04764184 -016.57127817
112  28.04771393 -016.57123183  28.04773702 -016.57120274
112  28.04775055 -016.57117446  28.04776180 -016.57113935
112  28.04771416 -016.57109209  28.04769220 -016.57109573
113  28.04767615 -016.57112635
112  28.04738063 -016.57099030  28.04744140 -016.57081485
112  28.04747634 -016.57070307  28.04748192 -016.57068215
112  28.04740244 -016.57070511  28.04737859 -016.57070982
112  28.04727357 -016.57072563  28.04724623 -016.57072860 102
114  28.04719237 -016.57094754  28.04713997 -016.57110760
112  28.04763691 -016.57023862  28.04764923 -016.57019980
112  28.04760687 -016.57016598  28.04757907 -016.57015251
112  28.04750326 -016.57013135  28.04747132 -016.57011809 102
112  28.04744919 -016.57019137  28.04743779 -016.57022060 102
112  28.04744786 -016.57024217  28.04743659 -016.57027871 102
112  28.04747193 -016.57030898  28.04748220 -016.57032931
112  28.04751052 -016.57035209  28.04753241 -016.57036134
114  28.04759895 -016.57033536  28.04761553 -016.57029516
110 1 0.00 770.0000 New Taxiway 3
111  28.05060015 -016.56301614
111  28.05054412 -016.56314980
111  28.05035242 -016.56306626
111  28.05041140 -016.56289917
111  28.05034357 -016.56278222
111  28.05033767 -016.56271872
111  28.05039076 -016.56243468
111  28.05057495 -016.56186356
111  28.05127037 -016.56219236
111  28.05118657 -016.56246730
111  28.05131950 -016.56252543
112  28.05126825 -016.56261695  28.05124514 -016.56264605
112  28.05122582 -016.56267685  28.05121459 -016.56269016
111  28.05120118 -016.56270738
112  28.05119795 -016.56265965  28.05119572 -016.56263913
112  28.05116995 -016.56261063  28.05114976 -016.56258511
112  28.05108108 -016.56255711  28.05105856 -016.56256855
111  28.05105316 -016.56257085
112  28.05103604 -016.56254567  28.05102361 -016.56254127
111  28.05101041 -016.56254303
111  28.05097512 -016.56253196
111  28.05082503 -016.56305775
113  28.05078375 -016.56310877
110 2 0.00 115.0000 New Taxiway 2
111  28.05088710 -016.56201445
111  28.05083936 -016.56195964
111  28.05084687 -016.56192563
112  28.05078933 -016.56188169  28.05077182 -016.56186043
112  28.05072179 -016.56183351  28.05071304 -016.56181650
112  28.05067176 -016.56177115  28.05065800 -016.56174564
111  28.05061495 -016.56171584
111  28.05063888 -016.56164091
112  28.05070880 -016.56164392  28.05072881 -016.56164392
112  28.05076165 -016.56164163  28.05077416 -016.56164022
112  28.05083135 -016.56166486  28.05085262 -016.56169462
112  28.05085360 -016.56170509  28.05086050 -016.56172049
112  28.05087737 -016.56173887  28.05089363 -016.56174171
112  28.05091816 -016.56173826  28.05094067 -016.56173259
112  28.05096069 -016.56172623  28.05097727 -016.56171951
111  28.05121007 -016.56183641
113  28.05112453 -016.56212262
110 1 0.00 770.0000 New Taxiway 2
111  28.04905371 -016.56634344
111  28.04923421 -016.56631775
111  28.04927955 -016.56626477
111  28.04933764 -016.56606730
111  28.04934331 -016.56602074
111  28.04933906 -016.56598060
112  28.04931497 -016.56594528  28.04930789 -016.56594207
112  28.04928322 -016.56593643  28.04927189 -016.56593322
112  28.04925121 -016.56594046  28.04924837 -016.56594207
111  28.04922287 -016.56596455
111  28.04918098 -016.56600065
111  28.04922429 -016.56587946
111  28.04930647 -016.56589230
111  28.04932914 -016.56582808
111  28.04963803 -016.56597418
111  28.04948358 -016.56640284
112  28.04945383 -016.56639642  28.04942832 -016.56639642
112  28.04942549 -016.56642371  28.04941274 -016.56643656
111  28.04939999 -016.56646706
111  28.04933056 -016.56666614
111  28.04914457 -016.56659274
111  28.04921862 -016.56639803
112  28.04919878 -016.56639321  28.04918886 -016.56639321
112  28.04910668 -016.56640445  28.04909110 -016.56640766
113  28.04901792 -016.56644619
110 2 0.00 770.0000 New Taxiway 3
112  28.04956952 -016.57092320  28.04956952 -016.57091678
112  28.04958418 -016.57084513  28.04958606 -016.57082377
112  28.04956155 -016.57074256  28.04953873 -016.57069424
111  28.04949365 -016.57066563
111  28.04928170 -016.57060862
111  28.04931638 -016.57044340
111  28.04950120 -016.57053742
111  28.04960115 -016.57058229
111  28.04969922 -016.57061435
111  28.05009903 -016.57078530
111  28.05014430 -016.57076821
111  28.05025179 -016.57081949
111  28.05054034 -016.57107165
111  28.05063086 -016.57112080
111  28.05029140 -016.57214224
111  28.04944462 -016.57178324
111  28.04950874 -016.57159946
113  28.04934877 -016.57153394
110 2 0.00 770.0000 New Taxiway 1
111  28.05173144 -016.57457414
112  28.05167252 -016.57463890  28.05162622 -016.57466721
111  28.05156906 -016.57463075
112  28.05111524 -016.57445148  28.05108609 -016.57443261
111  28.05111107 -016.57436184
111  28.05125100 -016.57388607
112  28.05129843 -016.57378157  28.05131925 -016.57377213
111  28.05137754 -016.57379100
111  28.05177308 -016.57394197
112  28.05187830 -016.57401846  28.05189496 -016.57408451
111  28.05185622 -016.57417412
113  28.05175643 -016.57452696
110 1 0.00 770.0000 New Taxiway 1
111  28.04819816 -016.57024323
111  28.04837024 -016.56996942
111  28.04928419 -016.57033546
111  28.04932837 -016.57044809
113  28.04928971 -016.57059514
130 Airport Boundary 2
111  28.04495378 -016.58826577
111  28.04270779 -016.58777644
111  28.04190154 -016.59077765
111  28.04158479 -016.59113649
111  28.04115287 -016.59136484
111  28.04049059 -016.59123435
111  28.03738075 -016.59009259
111  28.03912590 -016.58440560
111  28.03852409 -016.58365203
111  28.03858744 -016.58314966
111  28.03975938 -016.58314966
111  28.04731040 -016.56164022
111  28.04693427 -016.56089445
111  28.04709547 -016.56022477
111  28.04825071 -016.55947899
111  28.04958057 -016.55603929
111  28.05168955 -016.55686117
111  28.05189104 -016.55730255
111  28.05197164 -016.55766782
111  28.05190448 -016.55812442
111  28.05085670 -016.56124451
111  28.05150149 -016.56160978
111  28.05143432 -016.56262952
111  28.05105820 -016.56366447
111  28.05001043 -016.56340573
111  28.04940594 -016.56555174
111  28.04979550 -016.56584092
111  28.04895630 -016.56926942
111  28.04904570 -016.56977585
111  28.04926025 -016.57001894
111  28.05074603 -016.57083651
111  28.05208852 -016.57383281
111  28.05192598 -016.57478712
111  28.05120194 -016.57488758
111  28.05064044 -016.57461970
111  28.05028581 -016.57333054
113  28.04976864 -016.57287850
120 Linear Feature 32
111  28.05066982 -016.55870117 51 101
116  28.05124849 -016.55854397  28.05149081 -016.55813886
120 Linear Feature 11
111  28.04016333 -016.58548189 53
115  28.04023551 -016.58551073
120 Linear Feature 10
111  28.04076252 -016.58832308 53
115  28.04070125 -016.58828549
120 Linear Feature 9
111  28.04079519 -016.58824384 53
115  28.04072729 -016.58821608
120 Linear Feature 8
111  28.04072882 -016.58811543 53
115  28.04070176 -016.58819525
120 Linear Feature 7
111  28.04054401 -016.58804660 53
116  28.04051491 -016.58812642  28.04051491 -016.58812584
120 Linear Feature 6
111  28.04002495 -016.58762886 53
115  28.03995901 -016.58766981
120 Linear Feature 5
111  28.03998881 -016.58750137 53
115  28.03991622 -016.58752507
120 Linear Feature 4
111  28.03996979 -016.58736740 53
115  28.03989466 -016.58737710
120 Linear Feature 3
111  28.03995521 -016.58723164 53
115  28.03987849 -016.58724565
120 Linear Feature 2
111  28.03991527 -016.58696407 53
115  28.03985123 -016.58697628
120 Linear Feature 1
111  28.03993333 -016.58709857 53
115  28.03986074 -016.58711043
120 Linear Feature 86
111  28.03974240 -016.58779261 53
115  28.03981250 -016.58776666
120 Linear Feature 85
111  28.03970377 -016.58756301 53
115  28.03978104 -016.58756197
120 Linear Feature 84
111  28.03969382 -016.58739475 53
115  28.03976507 -016.58739606
120 Linear Feature 83
111  28.03969128 -016.58726056 53
115  28.03975883 -016.58726082
120 Linear Feature 82
111  28.03969197 -016.58712532 53
115  28.03976160 -016.58712689
120 Linear Feature 81
111  28.03969660 -016.58697881 53
115  28.03976531 -016.58698981
120 Linear Feature 80
111  28.03970747 -016.58683780 53
115  28.03977988 -016.58684985
120 Linear Feature 79
111  28.03989863 -016.58682949 53
115  28.03982691 -016.58683785
120 Linear Feature 78
111  28.03988510 -016.58670459 53
111  28.03980396 -016.58670877 53
115  28.03973429 -016.58672131
120 Linear Feature 77
111  28.03986913 -016.58655784 53
111  28.03982833 -016.58655852 53
115  28.03979533 -016.58653948
120 Linear Feature 76
111  28.04038939 -016.58913029 53
115  28.04034867 -016.58918704
120 Linear Feature 75
111  28.04040736 -016.58926199 53
115  28.04035497 -016.58922538
120 Linear Feature 74
111  28.04031119 -016.58945347 53
115  28.04025269 -016.58941166
120 Linear Feature 73
111  28.04019534 -016.58962979 53
115  28.04013836 -016.58958538
120 Linear Feature 72
111  28.04011313 -016.58971838 53
115  28.04007642 -016.58965513
120 Linear Feature 71
111  28.04000301 -016.58975867 53
115  28.04000033 -016.58968589
120 Linear Feature 70
111  28.03989276 -016.58973620 53
115  28.03991236 -016.58967277
120 Linear Feature 69
111  28.03979454 -016.58967162 53
115  28.03984085 -016.58962030
120 Linear Feature 68
111  28.03963728 -016.58948999 53
115  28.03968385 -016.58943694
120 Linear Feature 67
111  28.03948231 -016.58930893 53
115  28.03953448 -016.58926165
120 Linear Feature 66
111  28.03936181 -016.58908061 53
115  28.03942949 -016.58903650
120 Linear Feature 65
111  28.03925293 -016.58884218 53
115  28.03931770 -016.58880208
120 Linear Feature 64
111  28.03920805 -016.58871978 53
115  28.03927722 -016.58869121
120 Linear Feature 63
111  28.03917937 -016.58859241 53
115  28.03925108 -016.58857720
120 Linear Feature 62
111  28.03917382 -016.58845926 53
115  28.03924391 -016.58846136
120 Linear Feature 61
111  28.03919140 -016.58832966 53
115  28.03926010 -016.58834564
120 Linear Feature 60
111  28.03922425 -016.58820123 53
115  28.03928601 -016.58823190
120 Linear Feature 59
111  28.03929265 -016.58797083 53
115  28.03936273 -016.58800519
120 Linear Feature 58
111  28.03937790 -016.58775260 53
111  28.03941601 -016.58777257 53
115  28.03945904 -016.58775121
120 Linear Feature 57
111  28.03898982 -016.58760936 53
115  28.03893729 -016.58758699
120 Linear Feature 56
111  28.03889221 -016.58789471 53
115  28.03883819 -016.58787149
120 Linear Feature 55
111  28.03884787 -016.58803189 53
115  28.03878938 -016.58801627
120 Linear Feature 54
111  28.03882515 -016.58817794 53
115  28.03875511 -016.58816527
120 Linear Feature 53
111  28.03882254 -016.58832356 53
115  28.03874840 -016.58832483
120 Linear Feature 52
111  28.03883632 -016.58846581 53
115  28.03876032 -016.58847679
120 Linear Feature 51
111  28.03886464 -016.58860933 53
115  28.03878752 -016.58863170
120 Linear Feature 50
111  28.03890364 -016.58874682 53
115  28.03883583 -016.58877763
120 Linear Feature 49
111  28.03895505 -016.58888147 53
115  28.03888948 -016.58891988
120 Linear Feature 48
111  28.03906570 -016.58910350 53
115  28.03899976 -016.58914317
120 Linear Feature 47
111  28.03917672 -016.58932679 53
115  28.03911413 -016.58936478
120 Linear Feature 46
111  28.03929073 -016.58954628 53
115  28.03923149 -016.58958427
120 Linear Feature 45
111  28.03936598 -016.58967291 53
115  28.03930302 -016.58971723
120 Linear Feature 44
111  28.03944236 -016.58979575 53
115  28.03938797 -016.58984513
120 Linear Feature 43
111  28.03953530 -016.58990757 53
115  28.03948391 -016.58996477
120 Linear Feature 42
111  28.03963538 -016.59000665 53
115  28.03958624 -016.59006947
120 Linear Feature 41
111  28.03981164 -016.59017111 53
115  28.03976746 -016.59023189
120 Linear Feature 40
111  28.03999286 -016.59033149 53
115  28.03994417 -016.59039329
120 Linear Feature 39
111  28.04016822 -016.59049799 53
115  28.04012359 -016.59055775
120 Linear Feature 38
111  28.04034259 -016.59066708 53
115  28.04030022 -016.59072428
120 Linear Feature 37
111  28.04046205 -016.59073603 53
115  28.04042915 -016.59081366
120 Linear Feature 36
111  28.04058467 -016.59078506 53
115  28.04056889 -016.59087036
120 Linear Feature 35
111  28.04071811 -016.59081060 53
115  28.04071946 -016.59089385
120 Linear Feature 34
111  28.04085335 -016.59080038 53
115  28.04087454 -016.59087597
120 Linear Feature 33
111  28.04098092 -016.59074777 53
115  28.04100842 -016.59080396
120 Linear Feature 32
111  28.04108743 -016.59065222 53
115  28.04112907 -016.59070321
120 Linear Feature 31
111  28.04116924 -016.59053154 53
115  28.04122497 -016.59057633
120 Linear Feature 30
111  28.04122875 -016.59039643 53
115  28.04129500 -016.59042932
120 Linear Feature 29
111  28.04132339 -016.59013958 53
115  28.04138627 -016.59016960
120 Linear Feature 28
111  28.04141697 -016.58988034 53
115  28.04147649 -016.58990702
120 Linear Feature 27
111  28.04150855 -016.58961748 53
115  28.04156928 -016.58964660
120 Linear Feature 26
111  28.04159684 -016.58935788 53
115  28.04166018 -016.58938911
120 Linear Feature 25
111  28.04168656 -016.58909758 53
115  28.04174845 -016.58912514
120 Linear Feature 24
111  28.04177739 -016.58883734 53
115  28.04184020 -016.58886699
120 Linear Feature 23
111  28.04186884 -016.58857709 53
115  28.04192980 -016.58860604
120 Linear Feature 22
111  28.04195567 -016.58831545 53
115  28.04202094 -016.58834475
120 Linear Feature 21
111  28.04198583 -016.58818525 53
115  28.04205892 -016.58820132
120 Linear Feature 20
111  28.04198583 -016.58792088 53
115  28.04204464 -016.58790239
120 Linear Feature 19
111  28.04193749 -016.58779565 53
115  28.04199784 -016.58776320
120 Linear Feature 18
111  28.04183435 -016.58756296 53
115  28.04189377 -016.58752842
120 Linear Feature 17
111  28.04172596 -016.58733237 53
115  28.04178970 -016.58729504
120 Linear Feature 16
111  28.04162439 -016.58709500 53
115  28.04168671 -016.58705970
120 Linear Feature 15
111  28.04158747 -016.58696990 53
115  28.04165961 -016.58696261
120 Linear Feature 14
111  28.04160644 -016.58683789 53
115  28.04167248 -016.58685900
120 Linear Feature 13
111  28.04166096 -016.58659882 53
115  28.04172904 -016.58662223
120 Linear Feature 12
111  28.04172024 -016.58636282 53
115  28.04178797 -016.58638700
120 Linear Feature 11
111  28.04178019 -016.58612644 53
115  28.04185334 -016.58614793
120 Linear Feature 10
111  28.04183821 -016.58590554 53
115  28.04190437 -016.58593029
120 Linear Feature 9
111  28.04437993 -016.58476530 51
112  28.04454215 -016.58480881  28.04456015 -016.58478978 51
115  28.04460596 -016.58464204
120 Linear Feature 8
111  28.04488945 -016.58451142 55
115  28.04497150 -016.58428157
120 Linear Feature 7
111  28.04536273 -016.58470750 20
115  28.04543633 -016.58450097
120 Linear Feature 6
111  28.04536274 -016.58470747 20
111  28.04493468 -016.58451926 20
111  28.04487718 -016.58468213 20
111  28.04527969 -016.58486401 20
113  28.04531882 -016.58484139 20
120 Linear Feature 5
111  28.04543633 -016.58450106 20
111  28.04548019 -016.58437602 20
111  28.04546321 -016.58432472 20
111  28.04506282 -016.58415160 20
113  28.04500623 -016.58431350 20
120 Linear Feature 7
111  28.03940491 -016.58915934 53
111  28.03948304 -016.58930972 53
111  28.03978758 -016.58966544 53
112  28.04017314 -016.58965833  28.04034463 -016.58943544 53
112  28.04042236 -016.58916930  28.04039808 -016.58913177 53
115  28.04029223 -016.58903692
120 Linear Feature 6
111  28.03925839 -016.58948966 53
112  28.03947810 -016.58984407  28.03953777 -016.58991860 53
112  28.03987575 -016.59022583  28.03997448 -016.59030454 53
111  28.04033488 -016.59066119 53
112  28.04122626 -016.59040300  28.04149577 -016.58967307 53
111  28.04157611 -016.58941795 53
111  28.04194177 -016.58836355 53
112  28.04198146 -016.58790810  28.04192361 -016.58774407 53
111  28.04177860 -016.58744456 53
112  28.04158685 -016.58696985  28.04157795 -016.58687615 53
115  28.04184986 -016.58585903
120 Linear Feature 10
111  28.04162919 -016.58921028 2
115  28.04143451 -016.58912757
120 Linear Feature 9
111  28.04076891 -016.59077283 2
115  28.04074679 -016.59055864
120 Linear Feature 8
111  28.04005749 -016.58974855 54 103
111  28.04016147 -016.59010698 54 103
115  28.03999776 -016.59033757
120 Linear Feature 5
111  28.04039861 -016.58861079 54 104
111  28.04041489 -016.58887522 54 104
115  28.04029548 -016.58903687
120 Linear Feature 2
111  28.04655698 -016.56658721 51 101
116  28.04612465 -016.56776406  28.04584987 -016.56861580
120 Linear Feature 2
111  28.04490596 -016.58417879 22
115  28.04359421 -016.58359414
120 Linear Feature 3
111  28.04438281 -016.58359733 22
115  28.04785538 -016.57353612
120 Linear Feature 5
111  28.04843640 -016.57380735 22
112  28.04830972 -016.57374914  28.04828030 -016.57373247 22
112  28.04818546 -016.57360984  28.04811192 -016.57357889 22
115  28.04729135 -016.57321970
120 Linear Feature 6
111  28.04773088 -016.57562814 22
115  28.04726641 -016.57540613
120 Linear Feature 7
111  28.04716958 -016.57537244 22
115  28.04660983 -016.57512702
120 Linear Feature 8
111  28.04637563 -016.57957983 22
111  28.04598110 -016.57915089
111  28.04598093 -016.57882754 22
115  28.04530773 -016.57852175
120 Linear Feature 9
111  28.04538494 -016.58066305 22
115  28.04467356 -016.58034326
120 Linear Feature 1
111  28.04275071 -016.58623190 22
112  28.04328672 -016.58646097  28.04334924 -016.58648392 22
112  28.04349071 -016.58638136  28.04352718 -016.58627823 22
112  28.04372054 -016.58573606  28.04375703 -016.58564346 22
112  28.04394594 -016.58542380  28.04408463 -016.58536357 22
112  28.04461100 -016.58509682  28.04465390 -016.58507423 22
112  28.04468832 -016.58496374  28.04471263 -016.58488799 22
112  28.04604703 -016.58108471  28.04608764 -016.58096218 22
112  28.04636447 -016.57987472  28.04638733 -016.57978803 22
112  28.04651264 -016.57939850  28.04656188 -016.57925504 22
112  28.04768578 -016.57602048  28.04771216 -016.57594575 22
112  28.04786419 -016.57551138  28.04788815 -016.57544213 22
112  28.04809085 -016.57504493  28.04812592 -016.57494226 22
112  28.04948654 -016.57097939  28.04952461 -016.57086769 22
112  28.04939770 -016.57070026  28.04927249 -016.57064292 22
112  28.04858720 -016.57034344  28.04852042 -016.57031536 22
112  28.04842330 -016.57039323  28.04839054 -016.57047210 22
115  28.04805371 -016.57145622
120 Linear Feature 4
111  28.04906213 -016.57197846 22
112  28.04817119 -016.57158089  28.04808738 -016.57154559 22
112  28.04795996 -016.57152219  28.04790542 -016.57149780 22
112  28.04775252 -016.57142838  28.04771382 -016.57141013 22
112  28.04767172 -016.57148494  28.04765403 -016.57153467 22
112  28.04746182 -016.57210749  28.04743702 -016.57218318 22
112  28.04745168 -016.57257849  28.04742385 -016.57265871 22
112  28.04605755 -016.57660701  28.04597913 -016.57683901 22
112  28.04554993 -016.57769132  28.04547336 -016.57791588 22
112  28.04368119 -016.58307862  28.04363220 -016.58322325 22
112  28.04354164 -016.58363512  28.04348541 -016.58379883 22
115  28.04273171 -016.58594418
120 Linear Feature 27
111  28.04390787 -016.58394632 51 101
115  28.04531449 -016.58456946
120 Linear Feature 24
112  28.04184991 -016.58585975  28.04193628 -016.58568333 53
112  28.04227960 -016.58562527  28.04248392 -016.58570319 53
115  28.04338442 -016.58611766
120 Linear Feature 25
112  28.04178658 -016.58574048  28.04184056 -016.58561118 51 101
112  28.04225436 -016.58548790  28.04251280 -016.58560841 51 101
112  28.04286142 -016.58576633  28.04310558 -016.58587558 51 101
112  28.04342303 -016.58534991  28.04352681 -016.58503990 51 101
112  28.04397977 -016.58374065  28.04406700 -016.58349200 51 101
112  28.04423065 -016.58276956  28.04431011 -016.58254722 51 101
112  28.04455576 -016.58184100  28.04464645 -016.58157419 51 101
112  28.04434865 -016.58134946  28.04431380 -016.58133900 51 101
112  28.04385066 -016.58112838  28.04369708 -016.58106265 51 101
116  28.04331468 -016.58134084  28.04321814 -016.58163527
120 Linear Feature 17
112  28.04691415 -016.57100598  28.04684056 -016.57122651 51 101
112  28.04713210 -016.57155992  28.04728538 -016.57163047 51 101
112  28.04765493 -016.57176039  28.04787853 -016.57186558 51 101
112  28.04787264 -016.57247092  28.04779318 -016.57270797 51 101
115  28.04455471 -016.58184315
120 Linear Feature 18
112  28.04713200 -016.57155979  28.04697607 -016.57149120 51 101
116  28.04664893 -016.57177309  28.04658286 -016.57195724
120 Linear Feature 19
111  28.04772046 -016.57149396 20
112  28.04751328 -016.57210801  28.04746841 -016.57225349 20
112  28.04749244 -016.57258354  28.04746083 -016.57267010 20
112  28.04732532 -016.57306845  28.04729060 -016.57316399 20
112  28.04737943 -016.57320802  28.04742308 -016.57322802 20
112  28.04821250 -016.57357363  28.04827494 -016.57360212 20
112  28.04833487 -016.57371072  28.04835595 -016.57371991 20
112  28.04842520 -016.57375040  28.04844051 -016.57375449 20
112  28.04846976 -016.57371676  28.04848416 -016.57367599 20
112  28.04902262 -016.57210402  28.04903826 -016.57205811 20
112  28.04897306 -016.57198845  28.04891803 -016.57196426 20
112  28.04815704 -016.57163477  28.04807756 -016.57159954 20
114  28.04795031 -016.57159541  28.04791614 -016.57157893 20
120 Linear Feature 20
111  28.04776014 -016.57251310 51
115  28.04684904 -016.57212075
120 Linear Feature 20
111  28.04760681 -016.57298604 51
115  28.04680609 -016.57263799
120 Linear Feature 20
111  28.04741560 -016.57350835 51
115  28.04661977 -016.57316562
120 Linear Feature 20
111  28.04724147 -016.57401605 51
115  28.04644146 -016.57366263
120 Linear Feature 20
111  28.04334734 -016.58521205 51
115  28.04252640 -016.58485037
120 Linear Feature 20
111  28.04350220 -016.58475501 51
115  28.04267216 -016.58437940
120 Linear Feature 20
111  28.04366245 -016.58430064 51
115  28.04283840 -016.58392991
120 Linear Feature 20
111  28.04381797 -016.58384783 51
115  28.04300569 -016.58347768
120 Linear Feature 20
111  28.04393107 -016.58339424 51
115  28.04315774 -016.58304653
120 Linear Feature 20
111  28.04406465 -016.58297955 51
115  28.04330271 -016.58263645
120 Linear Feature 20
111  28.04436069 -016.58214729 51
115  28.04360520 -016.58180452
120 Linear Feature 20
111  28.04421389 -016.58256031 51
115  28.04344813 -016.58221560
120 Linear Feature 20
111  28.04482091 -016.58082369 51
115  28.04404922 -016.58048490
120 Linear Feature 20
111  28.04494906 -016.58042789 51
115  28.04419103 -016.58009996
120 Linear Feature 20
111  28.04510304 -016.58002783 51
115  28.04432385 -016.57968500
120 Linear Feature 20
111  28.04525280 -016.57960172 51
115  28.04447429 -016.57925943
120 Linear Feature 20
111  28.04540613 -016.57915100 51
115  28.04463013 -016.57881740
120 Linear Feature 20
111  28.04555514 -016.57872290 51
115  28.04478075 -016.57838571
120 Linear Feature 20
111  28.04569903 -016.57831137 51
115  28.04492488 -016.57797186
120 Linear Feature 20
111  28.04583871 -016.57791233 51
115  28.04507144 -016.57757332
120 Linear Feature 20
111  28.04632477 -016.57665042 51
115  28.04552159 -016.57629646
120 Linear Feature 20
111  28.04650746 -016.57613129 51
115  28.04570051 -016.57577612
120 Linear Feature 20
111  28.04668807 -016.57560513 51
115  28.04588249 -016.57525544
120 Linear Feature 20
111  28.04710138 -016.57442227 51
115  28.04630042 -016.57407128
120 Linear Feature 20
111  28.04814832 -016.57466281 51
115  28.04750359 -016.57437866
120 Linear Feature 20
111  28.04492220 -016.58388058 51
115  28.04436049 -016.58363386
120 Linear Feature 20
111  28.04520475 -016.58334241 51
115  28.04453917 -016.58304625
120 Linear Feature 20
111  28.04530244 -016.58268681 51
115  28.04473869 -016.58243671
120 Linear Feature 20
111  28.04554537 -016.58209828 51
115  28.04495438 -016.58183149
120 Linear Feature 20
111  28.04579078 -016.58138152 51
115  28.04520748 -016.58112594
120 Linear Feature 20
111  28.04604639 -016.58067999 51
115  28.04545076 -016.58041839
120 Linear Feature 20
111  28.04628411 -016.57995859 51
115  28.04570412 -016.57970182
120 Linear Feature 20
111  28.04674050 -016.57852317 51
115  28.04619694 -016.57828617
120 Linear Feature 20
111  28.04693714 -016.57796962 51
115  28.04639124 -016.57772786
120 Linear Feature 20
111  28.04712363 -016.57741420 51
115  28.04658034 -016.57717638
120 Linear Feature 20
111  28.04731383 -016.57690579 51
115  28.04675209 -016.57665417
120 Linear Feature 20
111  28.04749846 -016.57638040 51
115  28.04693365 -016.57613158
120 Linear Feature 20
111  28.04767034 -016.57585925 51
115  28.04711189 -016.57561112
120 Linear Feature 20
111  28.04832007 -016.57413181 51
115  28.04772268 -016.57386532
120 Linear Feature 20
111  28.04893520 -016.57234108 51
115  28.04823486 -016.57203207
120 Linear Feature 20
111  28.04873657 -016.57294743 51
115  28.04813880 -016.57268173
120 Linear Feature 20
111  28.04854626 -016.57348140 51
115  28.04794848 -016.57321569
120 Linear Feature 21
111  28.04468939 -016.58258732 51
115  28.04520483 -016.58333708
120 Linear Feature 22
112  28.04435410 -016.58135166  28.04455587 -016.58144457 51 101
116  28.04477264 -016.58121174  28.04482361 -016.58109758
120 Linear Feature 23
111  28.04661100 -016.57893541 51
115  28.04594595 -016.57901404
120 Linear Feature 23
111  28.04613251 -016.57999337 51
115  28.04559388 -016.57997931
120 Linear Feature 23
111  28.04560584 -016.58141262 51
115  28.04510858 -016.58139305
120 Linear Feature 24
111  28.04623935 -016.57983628 51
115  28.04579147 -016.57946035
120 Linear Feature 24
111  28.04572447 -016.58124187 51
115  28.04528147 -016.58086649
120 Linear Feature 26
111  28.04643442 -016.57757299 51
115  28.04698064 -016.57744814
120 Linear Feature 25
111  28.04678273 -016.57842074 51
115  28.04613226 -016.57851072
120 Linear Feature 27
112  28.04688137 -016.57526384  28.04688088 -016.57505683 51 101
112  28.04667867 -016.57487526  28.04652926 -016.57480805 51 101
112  28.04608293 -016.57460576  28.04595640 -016.57455056 51 101
116  28.04558547 -016.57482101  28.04550194 -016.57505966
120 Linear Feature 27
112  28.04601516 -016.57773077  28.04605306 -016.57737459 51 101
112  28.04575212 -016.57718681  28.04560271 -016.57711960 51 101
112  28.04526899 -016.57698174  28.04514245 -016.57692653 51 101
116  28.04476671 -016.57718242  28.04462625 -016.57744160
120 Linear Feature 28
112  28.04575188 -016.57718669  28.04590445 -016.57725714 51 101
116  28.04624315 -016.57708025  28.04633802 -016.57682437
120 Linear Feature 28
112  28.04667783 -016.57487474  28.04683040 -016.57494519 51 101
116  28.04707445 -016.57472904  28.04717298 -016.57459331
120 Linear Feature 29
112  28.04608280 -016.57460571  28.04593079 -016.57453257 51 101
116  28.04584378 -016.57410004  28.04588272 -016.57387180
120 Linear Feature 29
112  28.04526872 -016.57698138  28.04511671 -016.57690824 51 101
116  28.04502560 -016.57643709  28.04510477 -016.57620264
120 Linear Feature 30
111  28.04667857 -016.57487496 51
112  28.04696564 -016.57500310  28.04706630 -016.57504751 51
112  28.04743609 -016.57510157  28.04755031 -016.57507318 51
115  28.04803061 -016.57498258
120 Linear Feature 32
112  28.04225567 -016.58548842  28.04205084 -016.58538029 51 101
116  28.04206309 -016.58494638  28.04214046 -016.58472212
120 Linear Feature 34
111  28.04356726 -016.58493972 51
112  28.04400869 -016.58513066  28.04407109 -016.58515727 51
112  28.04423794 -016.58505817  28.04429738 -016.58502878 51
112  28.04443045 -016.58496048  28.04451694 -016.58491190 51
112  28.04437994 -016.58476556  28.04432735 -016.58474172 51
115  28.04372685 -016.58446593
120 Linear Feature 35
112  28.04436845 -016.58476063  28.04441936 -016.58478365 51
112  28.04451012 -016.58473817  28.04454292 -016.58471327 51
112  28.04460585 -016.58464197  28.04462830 -016.58457601 51
112  28.04465914 -016.58449922  28.04467893 -016.58444214 51
116  28.04469889 -016.58429665  28.04466302 -016.58428090
120 Linear Feature 36
111  28.04415130 -016.58466099 51
115  28.04433315 -016.58413670
120 Linear Feature 36
111  28.04396654 -016.58511176 51
115  28.04412939 -016.58465410
120 Linear Feature 36
111  28.04435054 -016.58475098 51
115  28.04453761 -016.58422709
120 Linear Feature 44
112  28.04670724 -016.57512382  28.04667258 -016.57511035 20
112  28.04664146 -016.57501889  28.04665976 -016.57496227 20
112  28.04723299 -016.57334140  28.04725796 -016.57327195 20
112  28.04735831 -016.57329757  28.04740389 -016.57331839 20
112  28.04774018 -016.57346848  28.04778849 -016.57349284 20
112  28.04779764 -016.57359871  28.04777859 -016.57366035 20
112  28.04722379 -016.57524294  28.04719997 -016.57531299 20
114  28.04710124 -016.57530069  28.04704014 -016.57527577 20
120 Linear Feature 45
112  28.04735236 -016.57539381  28.04730116 -016.57536747 20
112  28.04730358 -016.57525963  28.04732466 -016.57519098 20
112  28.04785637 -016.57364588  28.04786954 -016.57360707 20
112  28.04798451 -016.57357122  28.04805726 -016.57360085 20
112  28.04817720 -016.57365778  28.04821938 -016.57367825 20
112  28.04829765 -016.57380397  28.04833523 -016.57382048 20
112  28.04840267 -016.57391183  28.04837581 -016.57399201 20
112  28.04802587 -016.57501848  28.04800263 -016.57508256 20
112  28.04779694 -016.57544862  28.04777370 -016.57552583 20
114  28.04766202 -016.57553945  28.04760007 -016.57550998 20
120 Linear Feature 46
112  28.04612317 -016.57921976  28.04608156 -016.57916376 20
112  28.04603594 -016.57895001  28.04606861 -016.57883897 20
112  28.04719847 -016.57555788  28.04723628 -016.57546269 20
112  28.04732356 -016.57549148  28.04737702 -016.57551607 20
112  28.04767682 -016.57566625  28.04771185 -016.57568583 20
112  28.04769664 -016.57575511  28.04767797 -016.57581437 20
112  28.04644548 -016.57940541  28.04641768 -016.57948487 20
114  28.04632441 -016.57944185  28.04625237 -016.57936104 20
120 Linear Feature 47
112  28.04942543 -016.57095174  28.04940409 -016.57101798 20
112  28.04911920 -016.57184046  28.04909986 -016.57189560 20
112  28.04901381 -016.57190090  28.04893496 -016.57186670 20
112  28.04821646 -016.57154389  28.04817213 -016.57152672 20
112  28.04814344 -016.57136047  28.04817706 -016.57125450 20
112  28.04843159 -016.57052593  28.04846511 -016.57043488 20
112  28.04856833 -016.57042096  28.04861789 -016.57044293 20
114  28.04940024 -016.57079480  28.04944055 -016.57081426 20
120 Linear Feature 9
112  28.03920486 -016.58763616  28.03894933 -016.58836170 51 101
112  28.03911620 -016.58890054  28.03924162 -016.58922142 51 101
112  28.03952818 -016.58970458  28.03961664 -016.58981429 51 101
112  28.03976196 -016.58996389  28.03988033 -016.59005200 51 101
112  28.04040215 -016.58972560  28.04052374 -016.58936811 51 101
112  28.05139383 -016.55812289  28.05162445 -016.55743608 51 101
112  28.05071722 -016.55728499  28.05041653 -016.55742059 51 101
112  28.05000008 -016.55769795  28.04971052 -016.55792219 51 101
116  28.04919493 -016.55893368  28.04897307 -016.55954216
120 Linear Feature 10
112  28.04147106 -016.58665113  28.04142144 -016.58680533 51 101
112  28.04141711 -016.58712066  28.04148734 -016.58724935 51 101
112  28.04181914 -016.58782328  28.04184495 -016.58787847 51 101
112  28.04185778 -016.58817654  28.04181017 -016.58834391 51 101
112  28.04110069 -016.59041581  28.04094576 -016.59083962 51 101
112  28.04029864 -016.59044489  28.03995827 -016.59014032 51 101
116  28.03976394 -016.58996736  28.03967998 -016.58987891
120 Linear Feature 11
112  28.04149046 -016.58928677  28.04126595 -016.58957948 51 101
112  28.04079374 -016.58934406  28.04050246 -016.58913604 51 101
112  28.03998047 -016.58859195  28.03985390 -016.58847534 51 101
112  28.03956361 -016.58712379  28.03955980 -016.58636849 51 101
116  28.03987574 -016.58569390  28.03999303 -016.58524367
120 Linear Feature 12
112  28.04086472 -016.58838967  28.04076008 -016.58868965 51 101
116  28.04008810 -016.58869014  28.03979146 -016.58848136
120 Linear Feature 13
112  28.04109756 -016.58771231  28.04102913 -016.58785477 51 101
112  28.04064333 -016.58795366  28.04043773 -016.58788131 51 101
112  28.04032056 -016.58781365  28.04021134 -016.58776266 51 101
112  28.04008228 -016.58742689  28.04006776 -016.58724845 51 101
112  28.03993905 -016.58622235  28.03993869 -016.58585096 51 101
116  28.04011538 -016.58501189  28.04023564 -016.58465746
120 Linear Feature 14
111  28.03925809 -016.58949058 53
112  28.03899989 -016.58897633  28.03884910 -016.58868040 53
112  28.03885937 -016.58799431  28.03894975 -016.58771174 53
115  28.03901231 -016.58755025
120 Linear Feature 15
112  28.03940476 -016.58915936  28.03939073 -016.58913610 53
112  28.03920321 -016.58870199  28.03913685 -016.58848332 53
112  28.03924437 -016.58813393  28.03929437 -016.58796637 53
112  28.03939505 -016.58772634  28.03945429 -016.58765904 53
112  28.03955198 -016.58798798  28.03961280 -016.58812747 53
112  28.03969749 -016.58832643  28.03976377 -016.58845509 53
112  28.03989608 -016.58867706  28.03997720 -016.58877507 53
115  28.04029296 -016.58903743
120 Linear Feature 17
112  28.04064729 -016.58848631  28.04055886 -016.58859903 53
112  28.04020726 -016.58858316  28.04008622 -016.58851149 53
112  28.03992186 -016.58823067  28.03985541 -016.58810642 53
112  28.03971083 -016.58762886  28.03967863 -016.58737136 53
112  28.03972154 -016.58675926  28.03975383 -016.58666358 53
112  28.03984144 -016.58640311  28.03985574 -016.58636160 53
112  28.03994649 -016.58717500  28.03998448 -016.58736285 53
112  28.04023469 -016.58788993  28.04052552 -016.58807710 53
114  28.04077733 -016.58814656  28.04085294 -016.58821674 53
120 Linear Feature 3
111  28.04345332 -016.57551410 51 101
116  28.04396942 -016.57396404  28.04398953 -016.57391391
120 Linear Feature 31
111  28.04124909 -016.58696550 53
115  28.04117205 -016.58692606
120 Linear Feature 30
111  28.04115348 -016.58718057 53
115  28.04107923 -016.58713903
120 Linear Feature 29
111  28.04110847 -016.58727996 53
115  28.04103282 -016.58723684
120 Linear Feature 28
111  28.04105695 -016.58739196 53
115  28.04098269 -016.58735147
120 Linear Feature 27
111  28.04096180 -016.58760282 53
115  28.04088847 -016.58755865
120 Linear Feature 26
111  28.04088615 -016.58772009 53
115  28.04082768 -016.58764542
120 Linear Feature 25
111  28.04076548 -016.58777583 53
115  28.04075806 -016.58767276
120 Linear Feature 24
111  28.04064296 -016.58776110 53
115  28.04066663 -016.58766435
120 Linear Feature 23
111  28.04051858 -016.58772324 53
115  28.04055292 -016.58761755
120 Linear Feature 22
111  28.04039094 -016.58766803 53
115  28.04042297 -016.58756496
120 Linear Feature 21
111  28.04028048 -016.58757548 53
115  28.04034964 -016.58751185
120 Linear Feature 20
111  28.04023314 -016.58743298 53
115  28.04031344 -016.58741668
120 Linear Feature 19
111  28.04017095 -016.58713272 53
115  28.04025032 -016.58711432
120 Linear Feature 18
111  28.04005757 -016.58623199 53
115  28.04013664 -016.58623199
120 Linear Feature 17
111  28.04012985 -016.58683810 53
115  28.04020151 -016.58682130
120 Linear Feature 16
111  28.04007611 -016.58653574 53
115  28.04015271 -016.58651545
120 Linear Feature 15
111  28.04006313 -016.58638527 53
115  28.04013479 -016.58638247
120 Linear Feature 14
111  28.04006375 -016.58608082 53
115  28.04014159 -016.58608992
120 Linear Feature 13
111  28.04010081 -016.58577986 53
115  28.04017618 -016.58579736
120 Linear Feature 12
111  28.04012985 -016.58562799 53
115  28.04019718 -016.58564899
120 Linear Feature 18
112  28.04016312 -016.58548170  28.03995943 -016.58632475 53
112  28.04013855 -016.58690086  28.04016605 -016.58716111 53
112  28.04025326 -016.58751531  28.04029594 -016.58768719 53
112  28.04065391 -016.58776550  28.04071410 -016.58779038 53
112  28.04094218 -016.58764319  28.04101343 -016.58749211 53
112  28.04125783 -016.58694476  28.04128008 -016.58688934 53
112  28.04144286 -016.58641288  28.04146775 -016.58633525 53
112  28.04247076 -016.58343579  28.04253057 -016.58326397 53
112  28.04265956 -016.58265943  28.04267449 -016.58244863 53
112  28.04294795 -016.57788620  28.04295417 -016.57779925 53
116  28.04282268 -016.57784985  28.04280876 -016.57788130
120 Linear Feature 21
111  28.04025716 -016.58753258 54 103
115  28.04004608 -016.58766896
120 Linear Feature 28
111  28.04517086 -016.58454338 51
115  28.04519274 -016.58447863
120 Linear Feature 28
111  28.04530328 -016.58460431 51
115  28.04532763 -016.58453111
120 Linear Feature 28
111  28.04503733 -016.58448505 51
115  28.04505948 -016.58442164
120 Linear Feature 1
112  28.04338489 -016.57624670  28.04322605 -016.57671139 53
112  28.04316053 -016.57775631  28.04314467 -016.57816438 53
112  28.04302709 -016.57995341  28.04300247 -016.58049538 53
112  28.04317636 -016.58080244  28.04334035 -016.58083483 53
112  28.04352740 -016.58034256  28.04371150 -016.57987364 53
112  28.04390451 -016.57932700  28.04404667 -016.57885955 53
112  28.04725140 -016.56970992  28.04733275 -016.56945705 53
112  28.04764128 -016.56847937  28.04770877 -016.56822650 53
112  28.04712833 -016.56825480  28.04684191 -016.56858025 53
112  28.04608745 -016.56955710  28.04592697 -016.56976878 53
116  28.04519622 -016.57104886  28.04492476 -016.57173941
120 Linear Feature 2
112  28.04276434 -016.58251970  28.04283650 -016.58173939 51 101
112  28.04285195 -016.58109372  28.04289873 -016.58038592 51 101
112  28.04307592 -016.57751579  28.04310261 -016.57696766 51 101
116  28.04345349 -016.57551397  28.04379413 -016.57449390
120 Linear Feature 4
111  28.04276383 -016.58252011 51 101
116  28.04263013 -016.58331595  28.04249933 -016.58378420
120 Linear Feature 3
112  28.04287972 -016.58068956  28.04284818 -016.58095885 51 101
116  28.04347249 -016.58088662  28.04371291 -016.58047933
120 Linear Feature 4
112  28.04385031 -016.58112851  28.04370342 -016.58106486 51 101
116  28.04359145 -016.58055868  28.04367528 -016.58029238
120 Linear Feature 1
112  28.04719438 -016.57116404  28.04712253 -016.57112876 53
112  28.04709747 -016.57077323  28.04718005 -016.57053095 53
112  28.05148777 -016.55818852  28.05176026 -016.55735450 53
112  28.05062494 -016.55718538  28.05018380 -016.55737223 53
116  28.05004494 -016.55746388  28.04987855 -016.55756195
120 Linear Feature 2
112  28.04970927 -016.55830272  28.04966280 -016.55836636
111  28.04970927 -016.55830272
112  28.04970927 -016.55830272  28.04977921 -016.55829771 53
112  28.04998553 -016.55825910  28.05009567 -016.55828541 53
112  28.05025157 -016.55836319  28.05042225 -016.55843752 53
112  28.05067071 -016.55855241  28.05074413 -016.55858747 53
112  28.05101545 -016.55854653  28.05112429 -016.55846750 53
112  28.05129108 -016.55809561  28.05134462 -016.55788058 53
112  28.05113554 -016.55749228  28.05097736 -016.55737839 53
112  28.05059298 -016.55750906  28.05031169 -016.55763929 53
114  28.04994356 -016.55803528  28.04986381 -016.55813797 53
120 Linear Feature 3
112  28.05076633 -016.55993639  28.05081861 -016.55978083 51 101
112  28.05086224 -016.55947884  28.05085000 -016.55932967 51 101
112  28.05078870 -016.55895973  28.05077516 -016.55882033 51 101
112  28.05052760 -016.55859414  28.05037904 -016.55852847 51 101
112  28.05000576 -016.55837790  28.04993291 -016.55834456 51 101
116  28.04919626 -016.55893512  28.04892111 -016.55948913
120 Linear Feature 4
112  28.04730827 -016.56496621  28.04732695 -016.56498675 53
112  28.04749997 -016.56495342  28.04761027 -016.56482905 53
112  28.04943618 -016.56287010  28.04954515 -016.56274717 53
112  28.04979870 -016.56239368  28.04988252 -016.56215759 53
112  28.05056463 -016.56020083  28.05060600 -016.56007255 53
112  28.05073150 -016.55959164  28.05072773 -016.55946093 53
112  28.05065503 -016.55899455  28.05064494 -016.55883801 53
112  28.05043271 -016.55871272  28.05033256 -016.55866832 53
112  28.04990839 -016.55851178  28.04974402 -016.55848605 53
116  28.04930898 -016.55921973  28.04921914 -016.55946243
120 Linear Feature 1
111  28.04527667 -016.57051266 51 101
116  28.04451709 -016.57237050  28.04401618 -016.57382799
120 Linear Feature 5
112  28.04527677 -016.57051246  28.04551714 -016.57010043 51 101
112  28.04613802 -016.56930993  28.04632732 -016.56909086 51 101
112  28.04711028 -016.56806992  28.04735039 -016.56780334 51 101
116  28.04776807 -016.56855110  28.04763446 -016.56904513
120 Linear Feature 6
112  28.04614197 -016.56832901  28.04614522 -016.56847294 53
112  28.04662138 -016.56851715  28.04684488 -016.56822682 53
112  28.04810579 -016.56662128  28.04825210 -016.56643154 53
112  28.04858769 -016.56587170  28.04872241 -016.56555091 53
112  28.04897290 -016.56475184  28.04904483 -016.56451482 53
112  28.04913730 -016.56397078  28.04915275 -016.56386788 53
112  28.04895761 -016.56386371  28.04888073 -016.56392271 53
112  28.04837407 -016.56432678  28.04826800 -016.56443255 53
112  28.04767803 -016.56509915  28.04749269 -016.56531981 53
116  28.04682350 -016.56637186  28.04658084 -016.56692728
120 Linear Feature 7
112  28.04655718 -016.56658829  28.04677664 -016.56599917 51 101
112  28.04766493 -016.56492651  28.04792846 -016.56465238 51 101
112  28.04883065 -016.56368201  28.04900541 -016.56349625 51 101
116  28.04931750 -016.56410013  28.04917524 -016.56452699
120 Linear Stop C7
111  28.05126624 -016.55726116 54 103
115  28.05113726 -016.55748919
120 Linear Stop C6
111  28.05025149 -016.55836641 54 103
115  28.05017076 -016.55858947
120 Linear Feature 10
111  28.05043642 -016.56230432 20
115  28.05048009 -016.56217613
120 Linear Feature 11
112  28.04883167 -016.56368120  28.04943295 -016.56304799 51 101
116  28.04990939 -016.56239859  28.05000791 -016.56212189
120 Linear Stop C5
111  28.04823000 -016.56417095 54 103
115  28.04836696 -016.56433638
120 Linear Feature 13
112  28.04711353 -016.56806622  28.04796376 -016.56700470 51 101
116  28.04864378 -016.56603212  28.04875261 -016.56579451
120 Linear Stop C4
111  28.04680412 -016.56829236 54 103
115  28.04695668 -016.56844312
120 Linear Feature 15
111  28.04741949 -016.56984547 8
115  28.04723864 -016.56976703
120 Linear Feature 16
111  28.04673353 -016.57184712 8
115  28.04653638 -016.57175841
120 Linear Feature 31
111  28.04216890 -016.58492774 8
115  28.04198124 -016.58484592
120 Linear Feature 31
111  28.04179439 -016.58607207 8
115  28.04159164 -016.58598638
120 Linear Feature 31
111  28.04593244 -016.57414221 8
115  28.04574308 -016.57405401
120 Linear Feature 31
111  28.04568782 -016.57482686 8
115  28.04550489 -016.57473853
120 Linear Feature 31
111  28.04512736 -016.57645806 8
115  28.04494261 -016.57637664
120 Linear Feature 31
111  28.04485341 -016.57726184 8
115  28.04465727 -016.57717470
120 Linear Feature 31
111  28.04372079 -016.58056400 8
115  28.04350291 -016.58046690
120 Linear Feature 31
111  28.04338226 -016.58148156 8
115  28.04318187 -016.58138668
120 Linear Stop C3
111  28.04303861 -016.57974362 54 103
115  28.04283808 -016.57972923
120 Linear Feature 38
111  28.04264481 -016.58610040 20
112  28.04350408 -016.58363698  28.04354856 -016.58350212 20
112  28.04365997 -016.58303171  28.04369468 -016.58293557 20
112  28.04551645 -016.57765733  28.04559030 -016.57744687 20
112  28.04601316 -016.57660698  28.04610852 -016.57634282 20
112  28.04740041 -016.57259104  28.04744835 -016.57244850 20
112  28.04742176 -016.57207859  28.04746756 -016.57194576 20
115  28.04763205 -016.57145765
120 Linear Feature 10
111  28.04262918 -016.58362562 2
115  28.04246759 -016.58355156
120 Linear Feature 9
111  28.04228478 -016.58561418 2
115  28.04235575 -016.58541033
120 Linear Feature 8
111  28.04493392 -016.58109846 2
115  28.04472595 -016.58101056
120 Linear Feature 7
111  28.04461371 -016.58203353 2
115  28.04439583 -016.58193628
120 Linear Feature 6
111  28.04380988 -016.58123124 2
115  28.04389076 -016.58100869
120 Linear Feature 5
111  28.04639356 -016.57702185 2
115  28.04619384 -016.57692647
120 Linear Feature 5
111  28.04607995 -016.57781293 2
115  28.04588023 -016.57771755
120 Linear Feature 4
111  28.04524971 -016.57710787 2
115  28.04533224 -016.57688345
120 Linear Feature 3
111  28.04608267 -016.57473382 2
115  28.04615444 -016.57451094
120 Linear Feature 2
111  28.04713780 -016.57169035 2
115  28.04721908 -016.57145139
120 Linear Feature 1
111  28.04692692 -016.57546480 2
115  28.04673319 -016.57537428
120 Linear Feature 1
111  28.04720453 -016.57470672 2
115  28.04701080 -016.57461620
120 Linear Feature 2
111  28.04497153 -016.58467564 20
115  28.04499863 -016.58459721
120 Linear Feature 2
111  28.04510602 -016.58473516 20
115  28.04513312 -016.58465673
120 Linear Feature 2
111  28.04524112 -016.58479466 20
115  28.04526822 -016.58471623
120 Linear Feature 1
111  28.04499862 -016.58468852 20
115  28.04494309 -016.58466211
120 Linear Feature 1
111  28.04513312 -016.58474804 20
115  28.04507758 -016.58472163
120 Linear Feature 1
111  28.04526822 -016.58480754 20
115  28.04521268 -016.58478113
120 Linear Feature 4
111  28.04512620 -016.58423229 20
115  28.04510118 -016.58429758
120 Linear Feature 4
111  28.04526107 -016.58429223 20
115  28.04523604 -016.58435752
120 Linear Feature 4
111  28.04539668 -016.58435091 20
115  28.04537166 -016.58441620
120 Linear Feature 3
111  28.04515207 -016.58424373 20
115  28.04509928 -016.58422038
120 Linear Feature 3
111  28.04528694 -016.58430367 20
115  28.04523415 -016.58428032
120 Linear Feature 3
111  28.04542255 -016.58436235 20
115  28.04536976 -016.58433900
120 Linear Feature 33
111  28.04867588 -016.57202120 52
115  28.04832557 -016.57187252
120 Linear Feature 33
111  28.04857596 -016.57237310 52
115  28.04824010 -016.57222579
21  28.04015300 -016.58347310 3 68.4700 3.00 08  PAPI-4R
21  28.04100952 -016.58384910 2 70.8100 3.00 08  PAPI-4L
21  28.04866873 -016.56186820 3 248.4900 3.00 26  PAPI-4R
21  28.04780458 -016.56147448 2 248.4900 3.00 26  PAPI-4L
20  28.04253802 -016.58194889 102.2900 0 4 {no-entry}{@@}{@L}B3{@Y}{safety}
20  28.04312827 -016.58056312 124.1300 0 4 {no-entry}{@@}{@L}B3{@Y}{safety}
20  28.04001092 -016.58953481 150.4000 0 4 {@L}B0{@R}08|STOP
20  28.03988155 -016.59049575 185.4800 0 4 {@L}C0{@R}STOP
20  28.04190104 -016.58932665 274.9700 0 4 {@Y}A2-2
20  28.04079520 -016.59101325 240.2600 0 4 {@Y}A2-1
20  28.03907636 -016.58958796 275.4600 0 4 {@L}B0{@Y}T|TERM{^r}
20  28.04039137 -016.58846128 175.0500 0 4 {@L}B1{@R}08|STOP
20  28.03967219 -016.58855770 277.6800 0 4 {@L}B1{@Y}T|TERM{^r}
20  28.04040064 -016.58745516 122.5000 0 4 {@L}B2{@R}08|STOP
20  28.04032113 -016.58802714 322.5600 0 4 {@L}B2{@Y}T|TERM{^r}
20  28.04318345 -016.57976330 83.9800 0 4 {@L}B3
20  28.04674317 -016.56816914 221.0000 0 4 {@R}____{no-entry}____{@@}{@L}B4{@Y}{safety}
20  28.04815493 -016.56401543 223.1200 0 4 {@R}____{no-entry}____{@@}{@L}B5{@Y}{safety}
20  28.05135187 -016.55712326 92.3100 0 4 {@L}B7{@R}26|STOP
20  28.04234337 -016.58315408 67.0100 0 4 {@Y}{^l}D-2
20  28.04224347 -016.58310067 71.9400 0 4 {@L}T{@Y}B3{^ru}
20  28.04722127 -016.56920851 71.9400 0 4 {@L}T{@Y}B4{^rd}
20  28.04874846 -016.56475829 71.9400 0 4 {@L}T{@Y}B5{^rd}
20  28.05041759 -016.56009008 71.9400 0 4 {@L}T{@Y}B6{^r}
20  28.05109416 -016.55830389 71.9400 0 4 {@L}T{@Y}B7{^r}
20  28.04018726 -016.58918312 209.4100 0 4 {@R}STOP|08{@L}B1
20  28.03992814 -016.58777963 173.7800 0 4 {@R}STOP|08{@L}B2
20  28.04266085 -016.57974717 99.8600 0 4 {@L}B3
20  28.04707246 -016.56856722 227.9500 0 4 {@R}____{no-entry}____{@@}{@L}B4{@Y}{safety}
20  28.04845156 -016.56447991 227.9500 0 4 {@R}____{no-entry}____{@@}{@L}B5{@Y}{safety}
20  28.05037882 -016.55822676 159.7400 0 4 {@R}STOP|26{@L}B6{@@}{@L}B6{@Y}{safety}
20  28.05016903 -016.55878693 159.4300 0 4 {@R}STOP|26{@L}B6{@@}{@L}B6{@Y}{safety}
20  28.05106890 -016.55759030 147.0800 0 4 {@R}STOP|26{@L}B7{@@}{@L}B7{@Y}{safety}
20  28.04020701 -016.58921903 213.3400 0 4 {@Y,^l}B0{@L}T
20  28.04067745 -016.58824732 249.0200 0 4 {@Y,^l}B1{@L}T
20  28.04189943 -016.58899710 252.6700 0 2 {@Y,^l}C1{@R}STOP
20  28.04112237 -016.58688901 249.0200 0 4 {@Y,^l}B2{@L}T
20  28.04333437 -016.58038002 251.5700 0 4 {@Y}D-2{^r}
20  28.04327610 -016.58032731 237.6600 0 4 {@Y,^l}B3{@L}T
20  28.04498138 -016.57204170 70.7100 0 4 {@Y}{^l}B4
20  28.04838746 -016.56576306 254.7700 0 4 {@Y}{^l}B4{@L}T{@Y}{^u}TERM
20  28.04670296 -016.56703305 64.2500 0 4 {@Y,^l}B5
20  28.04963169 -016.56221742 245.3500 0 4 {@Y,^l}B5{@L}T{@Y,^u}TERM
20  28.04940649 -016.55928966 62.3900 0 4 {@Y,^l}B6{@Y,^lu}B7
20  28.04709383 -016.56970047 249.7800 0 4 {@Y}D-5{^r}
20  28.04631592 -016.57176869 71.9400 0 4 {@Y}{^l}D-5{@L}T
20  28.04326332 -016.58058364 147.0200 0 4 {@Y}{^l}26-08{^r}
20  28.04465735 -016.57669913 159.1500 0 4 {@Y}{^l}26-08{^r}
20  28.04655404 -016.57127868 159.1500 0 4 {@Y}{^l}26-08{^r}
20  28.04549417 -016.57433895 159.1500 0 4 {@Y}{^l}26-08{^r}
20  28.04557310 -016.57396882 249.7700 0 4 {@Y}D-4{^r}
20  28.04532693 -016.57468573 71.9400 0 4 {@Y}{^l}D-4{@L}T
20  28.04478453 -016.57629688 246.8000 0 4 {@Y}D-3{^r}
20  28.04449181 -016.57712190 71.9400 0 4 {@Y}{^l}D-3{@L}T
20  28.04254835 -016.58089404 272.3000 0 4 {@Y,^lu}T{@L}B3{@Y}T|TERM{^r}
20  28.03874966 -016.58799326 250.9100 0 4 {@R}{no-entry}
20  28.03932414 -016.58821476 257.4700 0 4 {@R}{no-entry}
20  28.03937019 -016.58822845 254.4100 0 4 {@Y}B0{^ru}
20  28.03977341 -016.58702873 254.4100 0 4 {@Y}B1{^ru}
20  28.04203870 -016.58618752 248.2000 0 4 {@L}T
20  28.04169787 -016.58522707 156.3700 0 4 {@L}T
20  28.04183069 -016.58473783 250.8700 0 4 {@Y}{^r}D-1
20  28.04130648 -016.58631332 68.6300 0 4 {@Y}{^l}D-1
20  28.04058457 -016.58472789 254.4100 0 4 {@Y}B2{^ru}
20  28.04386484 -016.57535684 254.4100 0 4 {@Y}B3{^ru}
14  28.04817107 -016.57511588  98.43 0 ATC Tower
1300  28.04524514 -016.58478389 251.27 misc heavy|jets|turboprops|props|helos GA8
1300  28.04511493 -016.58471046 247.22 misc heavy|jets|turboprops|props|helos GA7
1300  28.04498338 -016.58464221 247.22 misc heavy|jets|turboprops|props|helos GA6
1300  28.04722486 -016.57228221 340.00 misc heavy|jets|turboprops|props|helos E 13
1300  28.04540717 -016.57771883 340.00 misc heavy|jets|turboprops|props|helos E 21
1300  28.04527610 -016.57812299 340.00 misc heavy|jets|turboprops|props|helos E 22
1300  28.04510022 -016.57852227 340.00 misc heavy|jets|turboprops|props|helos E 23
1300  28.04495255 -016.57895643 340.00 misc heavy|jets|turboprops|props|helos E 24
1300  28.04478130 -016.57938610 340.00 misc heavy|jets|turboprops|props|helos E 25
1300  28.04464289 -016.57981657 340.00 misc heavy|jets|turboprops|props|helos E 26
1300  28.04448655 -016.58022876 340.00 misc heavy|jets|turboprops|props|helos E 27
1300  28.04435768 -016.58061535 340.00 misc heavy|jets|turboprops|props|helos E 28
1300  28.04392913 -016.58194484 340.00 misc heavy|jets|turboprops|props|helos E 29
1300  28.04377960 -016.58236191 340.00 misc heavy|jets|turboprops|props|helos E 30
1300  28.04363497 -016.58278628 340.00 misc heavy|jets|turboprops|props|helos E 31
1300  28.04350322 -016.58319519 340.00 misc heavy|jets|turboprops|props|helos E 32
1300  28.04801045 -016.57459974 -25.84 misc heavy|jets|turboprops|props|helos H5
1300  28.04785276 -016.57501303  10.76 misc heavy|jets|turboprops|props|helos F 1
1300  28.04753255 -016.57579868 340.00 misc heavy|jets|turboprops|props|helos F 2
1300  28.04737426 -016.57632231 340.00 misc heavy|jets|turboprops|props|helos F 3
1300  28.04723054 -016.57686656 340.00 misc heavy|jets|turboprops|props|helos F 4
1300  28.04669142 -016.57842925  -0.57 misc heavy|jets|turboprops|props|helos F 7A
1300  28.04703829 -016.57737743 -22.00 misc heavy|jets|turboprops|props|helos F 5
1300  28.04692272 -016.57745927  14.38 misc heavy|jets|turboprops|props|helos F 5A
1300  28.04687216 -016.57794075 340.00 misc heavy|jets|turboprops|props|helos F 6
1300  28.04668437 -016.57849316 340.00 misc heavy|jets|turboprops|props|helos F 7
1300  28.04650401 -016.57894603  10.00 misc heavy|jets|turboprops|props|helos F 8
1300  28.04436073 -016.58499713  26.12 misc heavy|jets|turboprops|props|helos G2
1300  28.04406102 -016.58484321  64.08 misc heavy|jets|turboprops|props|helos G1
1300  28.04447610 -016.58440205  71.29 misc heavy|jets|turboprops|props|helos G4
1300  28.04427630 -016.58429836  65.93 misc heavy|jets|turboprops|props|helos G3
1300  28.04466113 -016.58449678  69.22 misc heavy|jets|turboprops|props|helos G5
1300  28.04482747 -016.58383814 340.00 misc heavy|jets|turboprops|props|helos J12
1300  28.04511908 -016.58320275 -54.46 misc heavy|jets|turboprops|props|helos l11A
1300  28.04507262 -016.58328081 340.00 misc heavy|jets|turboprops|props|helos l11
1300  28.04719672 -016.57280115 340.00 misc heavy|jets|turboprops|props|helos H 14
1300  28.04686591 -016.57384382 340.00 misc heavy|jets|turboprops|props|helos T 16
1300  28.04702774 -016.57334094 340.00 misc heavy|jets|turboprops|props|helos H 15
1300  28.04852267 -016.57285118 340.00 misc heavy|jets|turboprops|props|helos H 2
1300  28.04831502 -016.57337853 340.00 misc heavy|jets|turboprops|props|helos H 3
1300  28.04815392 -016.57405638 340.00 misc heavy|jets|turboprops|props|helos H 4
1300  28.04864916 -016.57200944 340.00 misc heavy|jets|turboprops|props|helos I 1B
1300  28.04855286 -016.57236135 340.00 misc heavy|jets|turboprops|props|helos I 1A
1300  28.04866120 -016.57221677 340.00 misc heavy|jets|turboprops|props|helos I 1
1300  28.04608044 -016.57999132   2.96 misc heavy|jets|turboprops|props|helos I 6A
1300  28.04618619 -016.57979362 -38.78 misc heavy|jets|turboprops|props|helos I 6B
1300  28.04620910 -016.57992143 340.00 misc heavy|jets|turboprops|props|helos I 6
1300  28.04593808 -016.58063067 340.00 misc heavy|jets|turboprops|props|helos I 7
1300  28.04568722 -016.58120866 -43.51 misc heavy|jets|turboprops|props|helos I8B
1300  28.04574009 -016.58135933 -26.94 misc heavy|jets|turboprops|props|helos I8
1300  28.04557186 -016.58140835  -0.49 misc heavy|jets|turboprops|props|helos I8A
1300  28.04549014 -016.58207461 340.00 misc heavy|jets|turboprops|props|helos I9
1300  28.04525461 -016.58266280 340.00 misc heavy|jets|turboprops|props|helos H10
1300  28.04340680 -016.58365551 340.00 misc heavy|jets|turboprops|props|helos J-33
1300  28.04323790 -016.58410526 340.00 misc heavy|jets|turboprops|props|helos J-34
1300  28.04308824 -016.58456720 340.00 misc heavy|jets|turboprops|props|helos J-35
1300  28.04290094 -016.58501238 340.00 misc heavy|jets|turboprops|props|helos J-36
1300  28.04594483 -016.57648143 340.00 misc heavy|jets|turboprops|props|helos H 20
1300  28.04613069 -016.57596404 340.00 misc heavy|jets|turboprops|props|helos H 19
1300  28.04631815 -016.57544301 340.00 misc heavy|jets|turboprops|props|helos H 18
1300  28.04669468 -016.57424119 340.00 misc heavy|jets|turboprops|props|helos T 17
18  28.03946700 -016.58357600 1 Light beacon
19  28.04530108 -016.57362381 0 New Windsock 8
19  28.03975815 -016.58366595 1 WS
19  28.04770479 -016.56094883 1 WS
50 11867 ATIS
53 12190 GND
54 11900 TWR
55 12812 APP
55 12770 APP
99
