I
1000 Generated by WorldEditor

17   2092 1 0 GCXM [H] Tenerife Norte - Los Rodeos heliport
102 H1  28.48419953 -016.35225279 110.00 18.00 18.00 2 0 0 0.00 1
102 H2  28.48409449 -016.35192612 110.00 18.00 18.00 2 0 0 0.00 1
102 H3  28.48399098 -016.35159670 110.00 18.00 18.00 2 0 0 0.00 1
102 H4  28.48388720 -016.35127257 110.00 18.00 18.00 2 0 0 0.00 1
102 H5  28.48378179 -016.35094466 110.00 18.00 18.00 2 0 0 0.00 1
102 H6  28.48367645 -016.35061744 110.00 18.00 18.00 2 0 0 0.00 1
102 H7  28.48357693 -016.35029160 110.00 18.00 18.00 2 0 0 0.00 1
102 H8  28.48373648 -016.35244148 110.00 18.00 18.00 2 0 0 0.00 1
102 H9  28.48363232 -016.35211469 110.00 18.00 18.00 2 0 0 0.00 1
102 H10  28.48352964 -016.35178843 110.00 18.00 18.00 2 0 0 0.00 1
102 H11  28.48342403 -016.35146213 110.00 18.00 18.00 2 0 0 0.00 1
102 H12  28.48332131 -016.35113535 110.00 18.00 18.00 2 0 0 0.00 1
102 H13  28.48321754 -016.35080633 110.00 18.00 18.00 2 0 0 0.00 1
102 H14  28.48311243 -016.35048128 110.00 18.00 18.00 2 0 0 0.00 1
110 3 0.00 110.0000 New Taxiway 38
111  28.48281054 -016.35044879
111  28.48246528 -016.35059163
111  28.48255516 -016.35087081
112  28.48285049 -016.35074583  28.48287760 -016.35073771
112  28.48291469 -016.35077829  28.48293466 -016.35084159
112  28.48297889 -016.35097307  28.48298888 -016.35100878
111  28.48297889 -016.35097307
112  28.48297889 -016.35097307  28.48299479 -016.35102171
112  28.48295464 -016.35103962  28.48292146 -016.35105583
111  28.48295464 -016.35103962
112  28.48295464 -016.35103962  28.48292010 -016.35105894
111  28.48292468 -016.35108994
111  28.48266374 -016.35119561
111  28.48276917 -016.35152981
112  28.48307733 -016.35139347  28.48310097 -016.35138294
111  28.48307733 -016.35139347
112  28.48307733 -016.35139347  28.48310451 -016.35137959
112  28.48311585 -016.35140970  28.48312720 -016.35143980
111  28.48311585 -016.35140970
112  28.48311585 -016.35140970  28.48313558 -016.35146679
112  28.48319718 -016.35165155  28.48320716 -016.35169700
111  28.48319718 -016.35165155
112  28.48319718 -016.35165155  28.48321002 -016.35170349
112  28.48316864 -016.35172459  28.48312727 -016.35174569
111  28.48287474 -016.35184795
111  28.48299316 -016.35220018
111  28.48292325 -016.35223913
111  28.48237803 -016.35053890
112  28.48270700 -016.35040372  28.48274805 -016.35038672
111  28.48270700 -016.35040372
112  28.48270700 -016.35040372  28.48275231 -016.35038465
112  28.48280849 -016.35044178  28.48283351 -016.35051064
111  28.48280849 -016.35044178
114  28.48280849 -016.35044178  28.48281159 -016.35044981
110 1 0.00 110.0000 New Taxiway 37
111  28.48432484 -016.35070819
111  28.48433874 -016.35075586 20
111  28.48394330 -016.35091954 20
112  28.48392811 -016.35097355  28.48394140 -016.35102324 20
111  28.48435917 -016.35231951 20
111  28.48365360 -016.35259716 20
112  28.48373638 -016.35285461  28.48375247 -016.35289121 20
112  28.48371570 -016.35292012  28.48369273 -016.35293058 20
112  28.48363125 -016.35295679  28.48361014 -016.35296558
111  28.48363125 -016.35295679
112  28.48363125 -016.35295679  28.48360501 -016.35296808 20
112  28.48361454 -016.35299974  28.48362928 -016.35305119
111  28.48361454 -016.35299974
112  28.48361454 -016.35299974  28.48362373 -016.35303633 20
111  28.48368962 -016.35323150 20
111  28.48341849 -016.35333868 20
111  28.48330507 -016.35296778 20
112  28.48317567 -016.35302143  28.48312742 -016.35304234 20
112  28.48299918 -016.35291807  28.48297161 -016.35283180 20
111  28.48268167 -016.35183646 20
111  28.48256678 -016.35187306 20
111  28.48253461 -016.35176588 20
112  28.48236228 -016.35184430  28.48235999 -016.35183907 20
111  28.48228973 -016.35164173 20
111  28.48246997 -016.35156238 20
111  28.48244589 -016.35147934 20
111  28.48254151 -016.35143912 20
112  28.48253113 -016.35137601  28.48251768 -016.35134539 20
112  28.48246721 -016.35136070  28.48242685 -016.35137601 20
111  28.48150006 -016.35174757
111  28.48149669 -016.35157152 20
112  28.48238481 -016.35120793  28.48245882 -016.35118113 20
112  28.48244200 -016.35109693  28.48241509 -016.35102422 20
112  28.48228052 -016.35061852  28.48226370 -016.35054963
111  28.48228052 -016.35061852
112  28.48228052 -016.35061852  28.48225462 -016.35052897 20
112  28.48233070 -016.35040398  28.48243973 -016.35035861
111  28.48233070 -016.35040398
112  28.48233070 -016.35040398  28.48240471 -016.35037336 20
112  28.48263940 -016.35029002  28.48268313 -016.35027088
111  28.48263940 -016.35029002
112  28.48263940 -016.35029002  28.48273540 -016.35026282 20
112  28.48267334 -016.35014045  28.48259914 -016.35010420
111  28.48267334 -016.35014045
112  28.48267334 -016.35014045  28.48260179 -016.35010218 20
112  28.48267859 -016.35000724  28.48271933 -016.34995486
111  28.48267859 -016.35000724
112  28.48267859 -016.35000724  28.48271312 -016.34997099 20
112  28.48281575 -016.35000228  28.48285540 -016.35002826
111  28.48281575 -016.35000228
112  28.48281575 -016.35000228  28.48288286 -016.35006455 20
112  28.48282214 -016.35017839  28.48283258 -016.35023640
111  28.48282214 -016.35017839
112  28.48282214 -016.35017839  28.48284233 -016.35024345 20
111  28.48289840 -016.35039859 20
112  28.48357906 -016.35011715  28.48361606 -016.35009801 20
112  28.48367325 -016.35017073  28.48370017 -016.35025876 20
113  28.48390152 -016.35088627 20
130 Airport Boundary GCXM
111  28.48343238 -016.35392084
111  28.48240472 -016.35323883
111  28.48174815 -016.35078686
111  28.48194084 -016.34973949
111  28.48265450 -016.34956899
111  28.48387485 -016.34965018
113  28.48488110 -016.35323883
120 Linear Feature 43
112  28.48413286 -016.35205753  28.48409277 -016.35207446 20
112  28.48413038 -016.35209750  28.48415104 -016.35208903
111  28.48413038 -016.35209750
112  28.48413038 -016.35209750  28.48415600 -016.35208527 20
116  28.48412666 -016.35213840  28.48408533 -016.35215345
120 Linear Feature 42
111  28.48415695 -016.35204561 20
115  28.48418441 -016.35212523
120 Linear Feature 41
111  28.48386687 -016.35127972 20
115  28.48391008 -016.35126323
120 Linear Feature 41 a
111  28.48392226 -016.35129959 20
115  28.48389820 -016.35122775
120 Linear Feature 41 b
111  28.48387922 -016.35131702 20
115  28.48385496 -016.35124372
120 Linear Feature 40
112  28.48365798 -016.35048257  28.48363662 -016.35049085 20
112  28.48363389 -016.35040603  28.48365389 -016.35039672 20
116  28.48365935 -016.35048257  28.48363935 -016.35049085
120 Linear Feature 39
112  28.48359615 -016.35050514  28.48362657 -016.35049649 20
112  28.48358703 -016.35046959  28.48354851 -016.35048454
111  28.48358703 -016.35046959
112  28.48358703 -016.35046959  28.48362554 -016.35045510 20
116  28.48357328 -016.35043680  28.48354601 -016.35045335
120 Linear Feature 47 b
111  28.48348258 -016.35033169 1 101
115  28.48318541 -016.35044437
120 Linear Feature 47
112  28.48389592 -016.35237501  28.48391022 -016.35236724 1 101
112  28.48392793 -016.35226129  28.48391438 -016.35221046
111  28.48392793 -016.35226129
112  28.48392793 -016.35226129  28.48390538 -016.35219623 1 101
111  28.48384981 -016.35202032 1 101
111  28.48374512 -016.35169504 1 101
112  28.48367988 -016.35148430  28.48366700 -016.35144400
111  28.48367988 -016.35148430
112  28.48367988 -016.35148430  28.48366250 -016.35140759 1 101
112  28.48377089 -016.35132031  28.48388891 -016.35126624
111  28.48377089 -016.35132031
112  28.48377089 -016.35132031  28.48368755 -016.35135330 1 101
112  28.48361546 -016.35128457  28.48359419 -016.35122125
111  28.48361546 -016.35128457
112  28.48361546 -016.35128457  28.48358969 -016.35120760 1 101
111  28.48354137 -016.35104452 1 101
111  28.48343989 -016.35072108 1 101
112  28.48335996 -016.35047004  28.48334869 -016.35043706 1 101
116  28.48324129 -016.35042317  28.48320908 -016.35043509
120 Linear Feature 48
111  28.48370350 -016.35207916 1 101
111  28.48384981 -016.35202032
111  28.48359588 -016.35175265 1 101
111  28.48374512 -016.35169504
111  28.48349623 -016.35142963 1 101
111  28.48378950 -016.35131216
111  28.48339443 -016.35110340 1 101
111  28.48354137 -016.35104452
111  28.48329552 -016.35077701 1 101
115  28.48343989 -016.35072108
120 Linear Feature 49
111  28.48367988 -016.35148430 1 101
115  28.48361546 -016.35128457
120 Linear Feature 1
112  28.48402755 -016.35232145  28.48396773 -016.35234742 1 101
115  28.48393021 -016.35227166
120 Linear Feature 1
112  28.48340416 -016.35036159  28.48334435 -016.35038589 1 101
115  28.48336058 -016.35047360
120 Linear Feature 46
111  28.48412486 -016.35236520 20
111  28.48382406 -016.35139798 22
111  28.48380259 -016.35133253 20
111  28.48378755 -016.35128613 22
111  28.48377184 -016.35123161 20
115  28.48346483 -016.35026720
120 Linear Feature 1
111  28.48358243 -016.35280729 22
112  28.48320496 -016.35296088  28.48314446 -016.35298546
111  28.48320496 -016.35296088
112  28.48320496 -016.35296088  28.48311004 -016.35300112 22
112  28.48304508 -016.35288222  28.48300187 -016.35274702 22
111  28.48254538 -016.35128608 20
112  28.48234521 -016.35066737  28.48231928 -016.35058872
111  28.48234521 -016.35066737
112  28.48234521 -016.35066737  28.48230551 -016.35053859 20
112  28.48237866 -016.35047746  28.48247372 -016.35043892
111  28.48237866 -016.35047746
112  28.48237866 -016.35047746  28.48247372 -016.35043813 20
115  28.48265950 -016.35036131
120 Linear Feature 47 a
111  28.48410131 -016.35229202 1 101
115  28.48380577 -016.35241059
120 Linear Feature 45
111  28.48385988 -016.35117422 20
115  28.48365525 -016.35054229
120 Linear Feature 45 bis
111  28.48388154 -016.35116755 20
115  28.48384513 -016.35118351
120 Linear Feature 44
111  28.48411935 -016.35199694 20
115  28.48392091 -016.35136904
120 Linear Feature 44 bis
111  28.48393912 -016.35136107 20
115  28.48390271 -016.35137703
54 25780 TWR
55 12480 APP
99
